152.58
146.70
152.59
14.191
157.49
137.184
188.166
68.183
143.198
139.59
157.51
159.65
196.51
161.35
142.93
167.99
206.189
159.223
39.37
165.22
165.227
167.71
47.236
134.209
27.79
39.46
209.38
39.49
157.245
172.56
104.248
146.190
167.172
64.227
182.186
164.92
104.28
124.253
115.190
178.128
39.34
119.155
138.68
49.36
162.243
157.230
128.199
14.103
138.197
39.36
39.45
106.219
123.21
172.59
152.57
159.89
14.186
8.219
178.62
154.161
5.58
113.161
159.203
154.80
1.53
46.101
49.37
38.152
14.231
47.15
122.176
223.184
165.232
42.118
5.26
39.42
178.242
14.177
123.16
113.190
42.114
46.211
182.53
182.183
47.31
111.88
152.32
134.122
223.181
106.51
42.113
106.221
110.39
125.25
49.145
8.222
58.187
95.24
14.169
39.33
116.110
1.52
14.187
157.48
182.68
1.55
14.162
39.48
122.170
182.181
172.104
113.22
27.58
110.37
165.154
222.252
118.70
183.80
154.192
182.177
49.43
46.210
113.173
37.111
47.251
101.109
92.113
1.54
14.224
42.112
59.126
106.215
14.232
170.64
182.185
192.126
59.178
154.195
95.25
140.213
118.179
42.119
5.248
110.227
123.24
38.154
38.153
14.248
38.170
182.190
51.158
143.110
65.20
117.207
122.161
42.117
106.75
113.172
118.68
176.59
139.162
47.237
64.23
223.228
115.77
197.185
14.241
45.79
113.53
49.205
123.20
39.63
125.229
182.182
223.185
39.62
49.42
49.207
188.163
152.42
39.50
39.51
43.153
59.183
47.242
118.71
171.241
42.116
116.98
58.186
115.72
51.15
79.127
109.252
105.112
171.250
147.182
105.214
182.253
42.115
166.1
14.226
122.179
171.231
47.76
116.105
180.190
115.97
118.69
182.188
197.184
107.172
31.223
64.225
117.5
39.39
59.103
95.70
110.226
164.90
107.175
172.105
47.239
113.160
125.27
15.204
120.48
171.224
180.252
182.69
14.161
37.161
49.206
117.1
147.45
23.94
106.222
152.56
152.53
27.72
27.147
192.3
192.241
104.168
49.228
39.58
49.204
122.160
157.34
223.236
65.109
39.38
172.58
223.177
172.233
47.238
115.74
158.62
110.224
122.177
182.184
135.181
220.132
105.113
156.197
223.123
223.237
125.228
115.79
1.169
98.97
106.207
114.33
115.73
116.104
171.239
171.255
172.245
27.75
180.180
193.233
101.47
125.24
46.3
51.159
39.52
116.102
102.39
65.108
79.117
114.10
171.229
39.41
101.108
223.226
223.206
103.179
39.40
169.224
223.205
116.106
171.247
171.248
124.217
106.205
122.169
46.232
43.157
116.107
138.124
171.253
14.167
95.164
37.120
117.212
182.191
107.174
46.8
49.156
103.172
104.131
129.222
154.196
174.138
175.176
37.163
39.35
101.126
116.71
117.99
122.117
157.38
188.59
51.75
107.173
8.210
47.243
103.148
113.23
108.181
5.11
78.190
151.47
154.198
183.82
197.63
220.133
49.48
143.244
104.239
154.183
171.6
171.79
179.125
180.76
184.22
222.254
223.204
103.156
116.96
180.191
65.21
27.5
27.60
39.60
49.49
92.205
111.119
119.156
120.61
136.158
171.232
162.19
8.218
115.127
118.173
23.95
46.138
95.107
106.201
113.178
123.17
151.43
172.236
220.134
223.187
74.208
114.35
172.232
47.79
125.26
171.234
170.106
43.134
115.96
116.111
171.235
171.242
172.225
95.217
103.174
103.161
46.203
95.26
111.253
117.201
117.253
182.189
36.37
84.247
103.167
138.199
162.240
15.235
14.249
59.89
59.127
88.230
151.19
156.228
171.5
36.95
103.165
154.12
14.239
37.45
45.33
1.2
14.229
42.108
106.195
107.170
110.54
116.75
117.235
38.180
103.121
134.199
43.130
27.64
79.116
116.72
117.197
122.116
147.243
157.50
217.165
47.254
103.163
103.175
117.216
181.205
58.136
122.175
41.116
42.105
91.80
113.189
115.76
116.108
116.109
171.227
176.29
202.142
47.250
198.46
103.171
109.248
103.186
171.228
49.149
113.165
45.55
116.97
117.0
117.245
124.123
159.138
171.226
171.240
175.157
177.37
57.129
103.134
170.233
14.182
14.235
79.139
190.92
197.35
64.137
67.205
113.162
113.166
114.46
178.141
182.64
197.248
222.253
223.190
51.38
138.59
8.217
27.65
27.77
103.82
104.236
161.97
171.249
14.170
95.216
166.88
176.103
39.53
110.225
111.92
114.143
117.98
117.241
171.243
182.70
103.151
176.88
182.52
187.19
217.154
101.51
103.176
2.50
5.139
14.176
14.244
27.4
39.55
39.59
64.226
95.32
106.216
110.38
113.179
120.56
122.163
197.158
103.170
103.177
168.196
103.158
103.181
116.101
123.18
142.111
156.246
27.74
36.235
51.195
103.199
106.194
116.74
117.203
123.19
157.33
171.236
171.246
125.124
144.126
43.156
51.79
94.131
103.133
54.37
149.28
163.172
187.190
31.23
51.77
27.57
41.215
49.35
103.137
105.101
106.200
117.213
117.255
122.167
122.173
136.185
136.226
178.46
183.83
115.55
51.68
27.73
45.56
46.150
47.245
103.87
103.178
110.235
183.81
102.164
103.190
209.97
104.253
141.11
143.105
37.160
45.78
47.92
59.91
61.224
92.40
112.196
113.186
122.162
134.35
183.171
1.4
103.78
103.159
118.174
150.129
170.244
181.78
43.135
117.50
1.34
14.163
14.189
14.254
39.61
82.165
112.134
113.167
117.195
122.180
125.99
134.236
151.57
175.107
186.225
35.180
45.238
103.160
103.180
103.187
113.176
123.25
167.250
1.165
198.23
37.212
136.0
14.188
14.236
45.232
157.37
194.44
103.164
173.255
103.157
118.172
138.117
150.107
45.184
45.230
170.80
170.239
14.247
37.27
50.114
207.244
27.59
49.47
86.98
105.27
106.214
117.219
122.171
138.97
182.65
184.82
186.189
37.221
45.83
89.110
36.92
43.163
45.172
45.190
62.210
198.12
14.190
27.76
41.193
45.71
49.213
112.198
114.34
116.99
119.157
149.50
172.226
178.232
146.59
103.81
103.189
170.247
170.254
14.225
45.225
112.202
113.177
23.27
36.70
82.23
113.180
128.71
132.255
159.146
191.101
37.214
45.182
45.229
49.51
103.149
117.220
137.255
171.252
179.48
183.87
61.52
106.13
8.211
45.133
51.89
5.189
36.64
36.255
45.5
45.70
45.77
45.168
45.226
47.83
79.106
85.105
103.112
103.127
103.145
103.166
5.161
45.179
103.153
45.39
103.77
139.180
178.176
202.76
14.178
27.6
46.133
61.223
95.72
103.113
103.120
105.100
113.163
115.246
119.8
119.94
120.157
122.178
131.196
167.62
171.61
179.6
187.189
196.189
51.81
57.128
103.146
220.135
37.238
103.147
189.203
191.102
36.93
117.72
177.234
23.234
138.122
162.241
166.0
191.96
13.38
14.175
15.237
27.67
37.162
38.137
38.242
41.90
45.176
47.11
95.79
111.249
113.183
114.32
116.206
117.2
117.247
118.170
151.236
171.76
171.244
177.36
180.151
197.254
45.12
88.99
141.98
177.93
27.66
41.139
45.170
77.83
103.138
103.144
143.255
181.115
207.154
14.180
49.144
102.129
103.129
103.169
114.119
131.100
170.78
171.7
188.19
45.165
82.29
92.112
120.28
138.84
154.30
167.56
171.4
181.214
209.50
116.202
14.171
14.255
59.182
72.255
94.74
109.245
112.206
113.181
117.7
119.154
120.60
125.235
154.72
171.49
178.121
179.49
182.77
206.84
223.178
115.50
2.56
149.102
5.78
45.235
103.101
116.100
157.66
168.232
170.245
170.246
179.108
45.167
103.217
113.11
194.87
42.104
103.47
148.113
172.241
186.235
5.90
5.173
14.233
37.76
45.161
45.181
45.183
85.174
106.202
106.213
113.168
115.99
117.208
154.219
171.233
182.95
182.121
123.96
37.187
45.38
103.251
5.129
47.82
103.70
103.191
137.59
168.194
203.189
24.199
45.32
46.161
144.48
208.109
217.160
14.181
27.7
45.140
140.245
146.103
186.179
27.78
37.130
45.10
45.175
49.15
59.96
59.99
117.200
122.172
151.44
157.35
157.100
171.237
188.162
192.140
197.60
216.247
83.224
45.61
179.43
185.244
188.239
45.6
45.177
45.187
45.234
45.236
103.74
103.76
103.106
116.204
138.255
170.81
173.249
14.228
146.19
168.195
191.5
103.216
113.169
138.219
168.90
182.2
14.192
36.85
39.44
45.224
49.146
60.243
84.33
103.75
106.206
106.212
113.175
113.182
117.214
122.164
123.27
128.90
128.201
139.5
146.75
156.203
165.225
168.181
177.221
42.224
46.250
103.130
103.155
103.168
111.90
154.209
177.10
177.39
177.67
78.188
103.122
164.163
23.26
45.237
104.223
143.0
154.81
156.239
161.77
170.231
192.210
45.227
1.10
14.195
45.7
72.167
78.243
91.149
103.114
103.119
105.245
112.203
113.191
116.90
116.103
117.222
122.168
138.204
148.72
168.121
170.83
175.100
177.84
180.248
23.236
45.86
45.88
103.111
103.139
103.154
131.161
141.94
157.10
168.228
177.200
87.106
102.212
103.85
138.0
171.22
187.84
45.118
51.222
82.22
104.252
154.194
167.160
186.249
188.130
5.9
27.71
31.94
38.25
41.59
42.111
46.242
50.6
59.184
61.53
78.242
102.132
112.209
115.245
117.206
117.244
128.124
170.79
170.82
177.130
177.185
195.201
196.188
201.182
223.235
5.255
45.134
47.84
160.187
8.213
14.97
36.67
77.238
93.183
103.141
103.152
103.182
103.206
103.231
110.77
117.102
171.254
179.189
45.4
45.89
158.69
160.30
167.249
177.22
186.250
212.34
31.59
84.54
103.124
108.165
160.250
192.227
213.87
148.135
1.38
14.160
41.121
45.64
45.164
45.178
59.93
78.189
83.110
85.106
95.37
103.211
103.214
112.201
112.215
117.221
123.28
123.31
124.243
147.161
168.205
171.251
177.86
177.92
178.131
182.180
189.6
190.167
197.43
201.71
115.212
27.255
62.60
87.120
91.92
5.180
5.181
45.76
45.171
49.0
78.186
103.69
103.162
103.197
131.108
170.238
177.85
177.131
190.104
31.57
45.166
113.164
135.125
149.88
176.36
202.47
23.81
113.185
135.148
149.126
181.177
188.119
190.89
14.165
14.237
14.245
27.3
31.144
31.202
31.217
36.232
36.233
37.55
45.173
45.180
45.188
45.231
77.35
81.214
88.155
103.57
103.110
105.155
106.76
111.252
112.200
113.184
114.26
114.125
115.211
116.73
117.96
117.199
151.36
157.39
167.60
176.9
181.191
182.176
188.17
197.51
115.209
104.238
172.234
1.20
37.52
89.116
103.184
110.93
138.94
138.186
167.86
168.227
181.209
182.48
190.153
43.224
103.125
23.106
37.99
45.147
45.159
82.21
92.100
95.179
169.150
171.225
188.146
194.233
1.39
5.165
14.29
14.172
14.173
14.243
27.61
41.97
45.43
45.163
45.169
45.186
113.174
113.211
115.78
117.97
119.73
138.36
154.21
156.233
177.72
179.63
180.195
180.242
188.253
197.45
197.46
114.41
45.129
103.91
139.99
31.43
38.183
103.115
103.143
103.225
109.196
131.0
143.137
143.208
160.20
177.12
177.66
178.130
186.224
187.102
198.199
36.88
45.189
59.153
103.104
103.173
116.203
138.121
157.15
157.20
181.188
2.191
45.41
77.222
85.254
88.218
104.207
104.234
113.187
123.23
154.6
177.54
179.51
188.190
14.183
14.185
24.144
36.234
46.1
46.96
47.9
49.249
54.38
60.254
68.178
77.34
82.64
94.130
95.214
103.240
111.70
111.246
112.208
117.193
117.252
119.160
119.252
131.221
138.118
143.202
151.235
157.119
171.48
172.120
176.15
178.254
182.1
190.83
191.99
197.49
218.161
223.229
58.249
113.221
45.95
77.239
103.83
103.253
142.171
194.163
27.123
46.188
90.188
103.39
103.99
103.102
160.22
177.184
178.49
43.225
45.174
103.72
103.255
172.235
192.145
195.154
31.134
41.220
91.124
96.9
123.22
139.135
216.26
216.131
146.120
1.170
2.177
5.16
5.143
5.164
14.99
14.166
41.13
41.96
43.245
45.239
59.180
81.4
86.57
92.37
102.217
103.135
113.188
116.68
117.217
121.61
122.118
122.182
122.187
138.185
141.95
151.238
177.75
177.190
198.244
207.180
212.47
150.255
182.56
31.40
45.132
94.156
180.149
27.68
45.162
58.65
82.132
85.239
91.84
103.59
103.140
103.204
186.194
196.216
43.167
45.153
110.138
129.146
180.184
182.43
222.127
14.179
89.117
165.231
197.255
8.138
14.194
36.69
39.57
43.166
45.130
45.191
105.158
109.61
117.3
117.196
117.254
123.240
128.185
147.235
151.35
157.32
157.46
160.191
168.119
170.84
175.143
177.128
178.45
178.66
186.53
187.120
203.192
217.138
27.215
45.145
51.91
92.119
131.72
8.220
41.216
43.230
45.144
45.228
47.74
77.51
103.18
103.183
109.107
115.75
117.198
123.231
144.31
163.61
177.125
190.2
36.79
37.79
37.237
41.141
45.117
45.233
84.241
103.132
103.150
116.212
186.96
195.181
5.228
37.19
37.113
54.39
92.36
92.118
95.165
107.150
177.124
5.77
14.164
14.240
27.63
31.162
37.204
41.40
41.143
45.248
50.116
59.92
59.98
88.97
89.64
93.170
94.183
95.91
106.192
106.196
106.198
109.186
114.42
117.209
117.242
123.14
151.37
152.52
154.121
159.196
165.16
170.150
180.75
180.194
181.46
186.193
186.219
187.62
191.37
45.80
46.151
77.90
45.160
82.26
89.109
103.25
103.66
103.73
103.86
112.78
119.148
145.239
163.53
166.108
171.238
177.73
185.216
197.232
212.227
213.6
103.93
103.250
125.209
140.246
171.245
179.60
5.142
45.67
64.188
77.91
107.77
138.99
155.94
172.93
1.0
5.130
5.167
27.69
36.77
37.202
37.239
41.43
41.122
41.238
59.88
60.16
61.3
72.27
78.245
86.33
89.209
101.36
103.209
103.215
114.122
117.4
117.248
122.181
123.26
125.164
129.45
131.255
146.174
162.55
171.97
172.237
173.236
177.223
186.14
186.233
187.85
188.165
190.133
191.243
196.251
213.230
216.238
42.235
106.12
119.96
125.113
45.151
62.171
91.132
123.253
36.91
43.133
45.249
47.129
51.210
102.64
103.16
103.88
103.210
176.120
177.91
187.95
49.151
105.156
148.251
160.178
200.24
1.145
14.102
14.227
23.229
36.73
37.115
45.201
51.83
94.25
115.186
145.223
157.42
167.235
179.61
188.233
217.216
2.51
5.62
5.202
14.174
36.71
37.215
39.98
41.47
41.56
41.233
42.106
43.155
45.150
46.2
47.88
49.147
80.233
95.27
98.98
101.53
102.215
103.80
103.232
106.208
106.211
106.220
109.108
110.136
117.192
118.193
122.174
125.230
129.0
136.228
156.206
157.45
176.237
177.11
177.53
177.74
177.101
177.152
178.133
178.205
181.196
181.199
182.92
186.52
187.108
190.152
196.115
197.245
203.210
212.253
223.233
20.163
45.11
45.84
54.36
149.202
176.123
209.141
38.54
45.115
84.17
89.187
103.10
103.31
103.105
103.136
144.124
147.93
161.248
177.137
187.86
195.133
13.212
14.234
38.7
49.13
58.8
102.209
103.117
157.90
177.23
190.97
195.158
212.192
5.3
45.139
65.111
77.37
85.209
95.73
102.88
120.26
125.166
168.0
172.96
176.37
196.245
205.164
212.102
1.187
2.187
5.18
5.91
27.70
31.58
36.83
37.236
37.255
39.56
46.6
46.219
49.148
49.150
49.230
59.97
61.0
91.106
91.134
95.181
102.66
102.213
103.23
103.68
103.90
103.108
106.78
109.184
112.197
117.211
119.152
121.121
125.19
144.91
158.220
160.179
167.179
168.197
169.0
177.87
178.71
179.0
179.127
181.192
181.233
183.147
186.48
186.227
186.232
187.161
188.18
189.113
190.134
196.39
196.190
202.164
217.131
222.255
182.117
182.126
42.56
5.101
31.220
45.128
45.138
45.154
85.208
94.154
103.109
185.177
185.246
31.146
45.136
46.98
46.149
47.86
49.12
87.117
89.46
90.189
91.107
94.181
101.255
103.205
103.244
103.248
103.249
103.252
160.19
176.98
177.38
177.55
202.62
31.173
45.185
91.99
102.0
122.165
138.2
179.96
188.132
190.6
198.145
5.35
31.0
41.105
45.131
45.135
59.125
88.238
91.210
91.242
123.30
150.241
151.244
154.16
154.213
170.168
187.188
193.187
195.19
213.108
109.172
13.221
14.184
31.148
36.50
41.35
41.45
41.60
45.192
47.128
52.90
59.95
78.209
80.187
82.24
88.247
91.243
94.153
95.10
95.55
102.90
109.165
112.207
114.79
116.58
117.194
117.233
118.99
125.20
140.99
156.155
176.28
176.90
177.8
181.42
182.3
186.42
186.132
187.109
189.89
189.217
192.99
196.191
197.55
203.128
210.245
219.157
219.155
5.34
5.253
45.94
45.137
79.110
84.239
130.193
176.118
196.196
209.127
38.51
43.231
45.8
51.44
64.176
82.223
88.216
93.115
94.237
95.78
102.38
103.12
103.79
163.223
180.211
181.129
186.216
188.255
39.105
103.100
103.226
144.76
167.114
170.0
194.5
2.59
36.65
45.14
45.82
85.140
89.113
91.246
95.86
154.29
156.146
178.124
178.178
188.32
188.170
2.134
5.30
13.217
35.150
36.81
41.235
43.251
45.127
59.177
60.50
61.2
78.85
78.187
79.137
85.192
90.151
95.71
98.81
103.49
103.107
106.210
107.151
112.79
113.170
117.6
117.202
119.13
146.158
151.135
160.202
161.142
174.203
174.224
178.88
180.241
180.253
180.254
181.20
181.112
181.116
181.121
182.156
186.54
189.126
190.102
191.6
192.141
196.41
197.59
201.20
223.182
112.248
125.47
113.26
45.15
51.178
103.28
109.228
176.97
185.126
185.193
5.75
43.252
45.120
85.172
103.14
103.54
103.224
103.230
107.181
119.93
136.232
147.135
173.212
188.191
202.51
202.166
45.87
46.39
95.111
103.126
111.125
172.94
181.224
190.60
2.57
23.82
45.3
85.142
85.204
91.245
141.164
142.147
156.241
172.71
173.239
176.106
184.174
1.168
5.25
5.31
5.47
5.188
24.133
27.62
31.206
34.65
35.33
37.39
41.36
41.46
41.249
42.200
44.202
46.4
46.63
46.201
46.217
47.147
60.19
65.49
74.48
78.173
78.175
82.66
84.15
91.196
93.157
93.171
94.51
94.204
94.236
95.90
103.51
103.142
105.119
105.154
109.123
109.161
109.207
112.204
117.205
128.14
151.115
151.250
152.110
156.215
167.61
171.60
177.44
177.222
178.51
178.137
178.234
178.243
179.26
181.208
181.211
187.49
188.187
191.7
191.241
197.48
213.139
223.199
125.44
218.78
115.196
122.243
5.252
37.114
45.141
107.189
125.212
217.182
18.191
92.241
94.23
94.232
94.233
103.40
103.61
103.67
103.103
103.229
103.245
120.29
123.200
132.148
139.255
159.192
173.208
193.42
193.106
194.164
202.5
202.131
206.42
31.56
43.159
93.118
103.26
103.203
103.220
114.130
121.40
176.124
176.126
178.217
179.1
23.105
45.142
45.146
46.246
51.36
67.227
69.58
77.79
85.175
94.103
94.158
103.212
103.219
154.208
177.129
178.173
181.41
185.189
188.214
189.28
212.32
95.31
109.195
178.155
2.183
5.8
5.133
14.3
27.25
27.97
35.94
37.73
37.235
39.43
41.82
41.248
41.250
59.152
62.122
76.32
76.36
78.182
86.99
89.22
89.40
89.44
89.149
92.249
94.41
102.216
103.42
103.55
107.115
115.164
118.175
118.232
123.201
123.209
125.224
138.201
139.47
151.18
152.231
154.182
157.40
157.173
160.238
161.132
170.85
176.5
176.41
177.104
179.42
181.189
182.78
184.168
186.39
186.128
189.1
190.114
191.36
191.242
196.75
197.58
197.204
197.210
202.165
223.238
40.124
121.202
123.145
115.48
115.49
123.190
223.8
45.148
91.219
118.163
152.89
178.218
185.191
5.128
5.157
5.182
8.209
36.89
37.193
43.228
45.65
46.146
47.91
78.38
91.150
103.196
103.200
103.247
109.120
160.25
176.108
194.156
24.152
38.52
46.99
78.47
203.76
41.114
45.152
82.102
125.160
145.255
154.223
182.8
185.68
185.213
185.253
185.255
188.236
192.71
2.60
3.80
3.236
5.137
5.140
5.251
27.56
27.109
31.135
35.149
36.75
41.42
41.75
41.251
43.128
45.119
46.11
46.119
46.135
49.14
49.34
51.161
62.74
82.27
101.99
102.67
103.84
103.95
104.129
104.233
105.157
105.159
109.110
109.125
112.135
120.85
122.150
124.29
129.212
141.196
144.172
155.93
156.59
160.176
167.57
172.111
174.225
175.0
177.70
178.120
179.124
179.191
180.251
181.26
181.118
181.127
182.232
183.155
185.217
186.195
186.208
186.209
186.226
187.87
188.209
189.127
190.115
197.95
200.107
206.0
212.90
212.193
223.186
223.230
223.231
27.37
182.119
219.156
5.45
45.91
104.244
160.119
185.82
185.112
185.195
205.185
18.183
31.128
36.66
36.94
45.90
102.165
103.41
103.118
103.239
115.187
122.52
125.227
125.234
176.115
185.26
185.128
186.251
188.113
190.5
196.0
41.33
46.34
47.108
60.249
88.198
190.61
195.211
45.114
47.99
77.232
77.247
85.234
89.23
92.204
103.207
152.232
157.22
159.224
173.234
178.207
179.24
181.215
185.209
188.241
195.208
206.232
95.142
3.87
3.144
3.237
5.29
5.235
14.96
14.230
18.206
34.92
36.80
38.222
38.248
41.142
41.144
44.203
45.250
46.53
46.112
46.147
46.148
46.191
46.200
60.48
61.6
78.163
78.211
79.177
85.130
86.120
88.154
88.243
89.219
91.73
91.231
91.235
92.47
93.100
102.91
102.141
102.214
103.24
103.89
103.185
104.194
105.213
109.94
109.199
112.124
115.98
119.30
119.41
121.41
123.195
124.122
125.163
125.231
136.243
144.217
145.224
146.196
148.66
156.238
160.177
161.118
162.120
171.50
172.192
174.202
174.218
176.42
176.52
177.126
177.136
177.155
178.70
178.151
178.158
180.243
185.239
188.120
189.90
196.117
197.36
203.81
203.212
206.81
216.173
223.188
1.95
1.171
58.47
115.210
123.5
182.112
125.118
2.58
31.129
45.143
46.29
81.16
94.72
103.20
109.69
109.169
154.26
178.20
37.194
46.36
46.183
66.42
79.101
89.169
89.222
103.30
103.36
103.48
103.233
105.235
111.68
124.105
163.47
176.236
182.160
185.242
187.17
190.14
190.108
200.110
202.83
203.150
223.25
8.134
43.229
58.69
91.228
103.15
130.61
176.119
190.52
197.164
31.183
45.93
45.149
45.196
60.53
62.84
91.207
102.89
157.254
162.214
173.211
185.199
193.176
185.15
2.49
5.237
13.220
13.222
20.168
31.41
31.221
34.222
35.88
35.90
35.212
36.230
37.78
37.229
41.74
41.158
41.237
46.105
46.110
46.118
46.154
46.158
47.134
49.158
62.197
66.181
69.163
81.163
82.25
83.11
85.76
85.99
85.249
87.225
88.201
88.234
89.245
91.218
95.5
95.84
95.104
103.213
105.184
105.190
109.173
109.175
111.26
113.203
115.135
119.82
122.186
123.191
132.145
142.132
142.252
148.222
149.255
150.242
154.160
154.255
156.217
159.195
167.58
176.116
176.234
176.238
177.47
177.105
178.34
178.91
178.127
178.168
178.233
181.176
182.252
183.152
186.22
186.46
188.3
188.213
190.124
190.142
190.213
191.53
192.162
193.70
197.53
200.8
200.53
204.111
222.136
20.65
110.182
112.184
183.156
60.177
125.119
112.103
115.197
45.66
89.58
185.107
185.181
185.231
217.76
35.181
43.248
78.29
85.114
87.251
91.187
95.182
103.58
103.97
103.123
103.237
119.15
139.28
154.38
157.180
178.47
178.220
181.113
181.225
187.103
194.28
201.46
3.85
51.255
82.209
91.238
103.3
103.27
103.195
112.211
121.43
128.140
154.127
185.77
191.97
212.156
2.180
27.34
46.175
76.33
77.246
91.108
91.225
92.184
95.47
95.173
109.74
109.81
109.206
152.44
154.13
154.17
154.37
161.123
168.91
179.126
185.101
186.57
192.186
193.32
207.148
149.34
2.133
3.142
5.107
5.138
8.130
12.75
14.139
20.127
35.87
36.133
37.47
37.148
37.151
37.195
41.34
41.38
41.140
41.234
43.173
44.204
45.112
46.159
47.94
50.7
52.91
59.94
60.182
66.23
77.29
78.162
78.208
81.56
81.177
82.67
83.147
84.22
85.107
85.185
86.102
87.116
88.204
88.236
88.241
89.205
89.213
93.44
95.67
95.81
95.83
95.153
95.156
101.50
102.222
102.223
102.244
103.62
103.235
106.1
107.180
110.137
111.251
113.210
115.204
117.204
118.40
118.100
122.114
122.185
123.13
124.106
125.63
129.232
143.44
151.0
154.203
155.4
156.196
156.204
157.36
165.165
174.89
174.198
176.3
176.40
176.105
176.109
176.220
176.240
177.107
178.44
178.57
178.67
179.25
179.106
180.244
181.91
181.117
181.120
181.122
182.187
183.154
185.103
185.104
185.187
186.50
186.148
190.131
190.135
191.240
193.168
196.119
197.52
198.44
201.77
203.122
217.164
221.120
222.137
223.189
182.127
123.12
221.15
113.125
125.117
60.176
37.46
38.60
80.78
93.123
154.53
176.65
185.156
185.236
193.228
194.26
206.206
5.183
38.244
41.190
43.207
77.110
89.148
91.200
94.182
95.46
103.53
103.60
103.96
103.242
109.166
109.236
124.41
140.238
146.56
154.73
158.101
175.139
181.204
185.105
185.196
185.248
186.1
188.235
190.109
201.184
217.218
3.110
38.191
62.113
85.198
91.184
101.128
102.68
102.219
103.17
103.56
103.188
103.194
104.225
116.62
154.57
187.94
212.252
23.83
23.108
45.81
45.92
91.123
94.54
94.141
104.249
130.185
149.40
151.249
161.0
172.86
178.32
180.74
183.56
185.94
185.98
188.40
188.245
190.112
200.234
147.78
3.90
3.238
5.46
5.166
5.227
5.239
35.86
35.89
35.200
36.226
37.31
37.167
38.50
41.83
41.150
42.55
44.200
45.251
49.131
54.196
58.97
62.217
69.160
75.119
78.132
78.180
82.65
82.77
83.8
84.32
85.104
87.103
87.200
87.201
88.248
91.185
91.237
91.244
92.53
92.97
93.38
93.140
93.150
94.205
94.250
95.38
95.68
95.223
102.22
102.182
103.19
103.98
103.241
105.74
105.99
111.94
115.198
115.244
116.255
117.243
117.251
119.42
120.57
123.56
123.58
123.110
123.205
124.120
125.165
125.167
128.1
129.227
144.6
151.46
151.237
154.120
154.221
156.229
158.47
163.5
166.199
169.255
174.201
174.227
177.71
178.75
178.148
178.212
181.123
182.152
183.146
185.153
186.122
190.80
190.107
190.150
190.237
191.253
196.65
196.127
197.42
197.47
197.155
197.253
198.211
212.3
213.14
213.109
60.18
123.245
175.148
182.123
122.242
181.6
213.43
45.9
81.17
95.211
109.237
165.73
178.17
185.39
185.100
185.125
185.165
185.183
185.208
185.241
185.252
185.254
194.32
5.61
46.229
61.7
84.52
87.121
89.163
90.156
91.211
91.232
94.254
103.4
103.131
124.248
161.49
176.114
185.200
186.47
187.44
192.169
202.65
213.136
3.145
5.134
38.250
47.98
80.210
102.210
103.21
121.165
145.40
150.136
173.44
175.6
178.165
179.109
196.202
202.58
31.171
37.29
37.188
46.62
67.207
80.251
87.248
92.101
93.159
93.177
100.2
108.147
111.240
136.169
149.22
151.80
156.67
176.212
178.68
178.159
181.232
185.12
185.223
185.228
187.180
190.111
193.202
195.26
185.174
1.172
3.92
5.27
5.187
12.74
13.39
13.218
15.188
15.236
18.212
27.2
27.106
27.107
31.10
31.143
31.155
34.221
36.229
37.63
37.201
38.13
41.39
41.92
42.1
42.231
43.242
43.249
44.212
44.243
45.157
45.219
46.55
46.114
46.173
46.197
47.154
49.248
52.169
54.91
58.52
58.152
59.120
64.43
66.228
67.209
77.68
77.221
77.237
78.30
83.22
85.96
88.81
89.139
91.204
91.234
92.38
92.44
92.62
93.127
93.139
94.20
94.139
95.85
98.83
102.69
102.85
102.220
103.92
103.116
104.243
106.197
108.128
109.87
109.162
109.163
110.44
111.93
111.95
111.180
114.5
115.63
115.192
118.200
121.147
122.2
125.121
129.226
130.195
148.252
149.106
151.38
154.70
154.92
156.199
156.242
156.248
156.249
156.253
162.0
175.165
176.100
178.79
178.122
178.219
179.107
180.247
181.114
182.0
182.178
183.105
183.128
185.80
185.229
186.55
187.45
187.73
187.110
188.138
188.168
188.169
190.11
190.113
191.156
193.111
194.67
196.64
197.237
200.39
200.68
201.131
201.148
202.137
202.152
202.184
210.1
212.129
212.154
217.15
220.247
222.140
101.168
42.227
222.138
125.41
114.227
126.170
5.196
37.48
37.228
45.13
77.81
104.36
178.175
185.56
185.212
185.225
185.233
185.234
193.36
198.98
5.160
13.36
13.60
18.188
37.1
37.34
45.116
78.37
81.12
81.23
83.143
87.236
89.39
91.205
92.124
94.159
95.188
103.43
111.223
119.18
150.40
178.132
185.175
185.210
186.211
187.63
193.124
200.50
203.188
204.157
213.149
217.219
34.81
38.224
100.27
101.44
177.240
195.123
209.126
217.150
2.190
23.80
45.155
46.202
49.245
94.31
109.38
122.8
155.190
155.212
159.26
172.84
176.211
182.72
185.88
186.65
188.26
190.8
193.151
193.160
37.60
98.159
173.244
185.93
1.47
1.161
2.189
5.232
13.37
13.219
14.168
15.220
18.102
20.14
31.4
31.142
31.181
34.101
37.57
37.61
37.156
37.252
41.76
41.84
41.211
41.239
43.241
45.207
46.100
47.122
47.145
49.237
49.244
62.169
64.224
65.181
68.132
76.34
78.40
78.46
78.110
78.141
78.174
78.210
80.234
81.10
81.215
83.135
88.147
89.249
91.193
91.215
92.99
92.255
95.189
99.247
101.181
103.6
103.44
103.65
103.94
104.245
105.186
106.105
108.35
110.78
111.248
115.58
115.128
115.134
115.241
116.138
118.194
119.12
124.156
131.226
139.144
149.154
156.194
156.255
158.140
159.69
162.144
170.203
174.196
175.110
175.136
176.102
176.111
177.220
178.18
178.33
180.214
181.43
181.124
181.197
182.76
182.239
185.17
185.97
185.162
185.203
185.221
186.158
187.121
189.51
189.84
189.106
190.105
190.181
192.36
194.226
196.118
196.210
197.37
197.39
203.198
213.135
213.199
213.211
217.64
223.239
8.137
117.63
20.55
42.228
183.149
115.56
60.186
113.238
123.11
125.43
182.113
125.120
115.52
5.79
45.156
72.14
180.150
185.120
188.68
190.123
37.53
37.186
41.223
43.131
46.10
49.229
58.27
64.64
83.168
91.186
91.192
91.214
102.36
103.221
103.238
104.37
109.197
109.229
110.74
115.42
122.3
151.242
152.67
160.226
165.101
169.239
176.241
185.2
197.234
202.79
210.16
212.50
38.10
38.41
47.109
74.50
83.171
91.201
102.23
118.145
149.86
154.0
154.3
185.202
201.76
202.4
209.14
23.226
35.146
37.110
45.85
45.195
46.61
50.39
66.93
77.243
80.71
80.90
82.208
83.142
86.106
89.19
89.185
91.90
91.227
91.236
94.140
104.161
130.49
176.8
178.208
185.135
185.147
185.245
190.244
192.144
194.104
212.35
223.29
5.254
44.248
95.54
1.162
1.163
2.135
3.83
3.91
3.94
5.59
5.190
14.1
14.18
18.117
23.93
31.215
35.195
37.112
37.154
37.159
37.231
38.43
38.47
38.255
39.47
41.37
41.72
41.79
41.111
42.100
43.246
46.117
46.167
46.172
46.196
47.185
50.92
51.254
54.87
54.179
54.202
54.234
61.171
61.230
61.246
61.247
69.164
72.69
83.10
83.136
84.40
85.64
86.97
89.35
91.93
91.121
91.148
92.96
92.222
92.252
92.253
93.35
93.87
93.138
93.142
95.139
98.84
99.241
101.46
102.218
103.38
103.208
103.218
103.228
103.236
105.69
105.76
105.98
105.160
106.14
109.62
109.92
109.227
110.139
110.183
111.67
112.120
114.134
115.57
115.132
115.133
117.223
117.250
119.95
121.148
121.186
121.224
121.229
123.241
124.121
125.22
125.62
125.122
137.220
139.196
142.113
144.24
146.185
149.78
152.228
156.211
157.41
158.247
171.101
171.213
174.207
174.219
174.234
175.11
175.29
175.137
176.226
177.76
178.65
178.156
178.204
179.37
179.53
179.97
180.245
181.45
181.94
181.126
182.79
183.6
183.91
183.108
185.13
185.81
185.206
186.155
186.192
187.106
190.93
190.128
190.183
190.214
191.19
195.82
196.207
196.217
196.221
197.50
197.54
197.57
197.146
197.211
198.54
201.141
202.88
203.205
207.204
212.233
213.55
213.204
213.209
216.10
220.246
4.194
123.188
42.57
119.117
125.45
125.112
8.215
31.133
89.147
91.203
94.142
94.230
164.132
185.170
185.238
190.103
13.231
37.131
38.49
38.252
45.125
46.174
62.201
78.109
83.221
86.48
91.229
91.247
93.190
94.198
94.231
103.13
103.254
104.200
104.250
124.158
176.117
185.66
185.186
194.190
197.221
202.70
212.237
8.148
23.92
37.59
38.172
54.183
82.115
85.98
91.142
91.217
94.19
103.234
111.72
120.55
124.104
129.213
200.106
3.93
5.74
5.230
23.230
37.30
64.44
72.56
77.69
78.154
80.76
80.249
85.173
89.111
91.188
93.114
95.163
103.246
112.210
114.37
118.101
140.235
149.140
154.82
154.201
172.69
181.47
185.61
185.188
185.198
186.121
194.195
196.247
204.48
212.56
94.26
3.235
5.32
5.39
5.201
18.234
20.84
23.16
27.125
31.180
34.38
35.93
35.148
36.26
36.68
36.72
36.78
36.137
36.231
38.211
38.225
39.129
41.10
41.71
41.109
41.113
42.180
43.129
43.139
45.158
46.32
46.35
46.142
46.164
46.166
46.184
46.205
46.231
47.93
50.35
51.37
54.159
54.224
58.10
59.16
59.24
60.52
61.1
66.29
76.35
77.28
77.78
79.105
80.240
80.243
81.78
82.194
83.24
83.44
84.125
84.211
85.132
85.215
91.191
91.222
92.72
93.117
93.175
94.241
95.56
95.65
95.87
95.170
98.82
100.38
102.17
102.96
102.97
102.184
102.190
102.208
106.77
109.177
109.194
109.243
110.159
111.250
113.199
114.31
115.61
116.232
117.215
118.43
118.107
119.98
119.202
121.204
123.193
125.23
130.105
134.17
135.119
142.202
147.124
149.54
150.109
154.241
156.210
158.181
161.29
169.197
170.187
174.205
174.229
175.183
176.54
176.62
176.205
176.221
177.21
177.52
177.170
178.149
178.197
178.216
178.239
182.116
183.93
184.52
185.85
185.204
185.226
188.33
188.137
189.4
189.183
190.53
190.110
190.141
190.145
190.171
191.95
193.107
194.31
197.2
200.124
200.142
201.13
201.49
201.150
203.99
203.101
203.176
205.198
209.35
212.200
220.80
220.124
20.118
140.249
109.67
27.207
115.195
42.230
60.23
122.241
37.13
1.70
183.158
36.22
58.50
60.185
176.239
31.44
78.153
94.102
95.168
103.193
104.167
109.104
136.244
149.56
154.205
185.22
185.235
190.211
192.121
193.200
31.42
43.247
45.126
46.224
77.105
84.51
91.223
94.253
103.1
103.50
116.118
124.109
152.70
159.148
167.88
167.253
176.214
178.210
180.94
182.23
185.30
185.190
185.215
188.240
188.246
190.85
213.5
213.35
35.173
38.159
45.123
54.173
69.30
77.242
88.210
89.36
101.132
103.35
119.92
126.209
138.128
149.62
164.68
185.157
186.0
187.111
188.225
210.79
36.134
45.59
64.31
66.63
76.64
81.22
83.21
84.46
85.221
91.195
94.177
109.63
142.114
154.124
158.173
158.178
172.70
172.98
174.216
176.67
185.73
185.211
186.237
190.4
193.31
193.41
193.169
194.113
200.10
118.34
140.82
3.81
3.88
5.0
5.135
5.176
8.216
14.49
14.116
14.238
18.141
18.143
18.208
31.207
34.64
35.228
36.236
38.148
39.100
41.44
41.57
41.203
41.232
41.236
41.242
45.198
47.149
47.156
47.200
49.124
50.25
51.39
51.171
54.152
54.174
54.193
54.227
54.255
59.26
59.110
62.45
62.216
66.56
66.175
70.23
72.252
76.37
76.69
77.45
78.36
79.126
79.136
81.0
83.139
85.195
85.206
86.104
86.107
89.216
91.72
91.94
91.224
91.233
91.240
93.41
93.124
93.176
93.185
94.43
94.207
94.235
94.240
94.243
95.80
95.110
95.174
98.93
102.32
102.185
103.198
103.243
104.158
106.58
106.203
106.217
109.205
111.118
114.44
114.228
115.129
115.193
115.205
115.229
117.80
118.36
118.136
121.143
121.154
121.179
121.227
124.83
125.87
125.162
134.19
137.175
142.126
146.255
148.0
152.22
152.201
152.202
156.195
156.207
156.236
160.154
160.251
163.116
165.90
168.138
168.151
171.51
171.78
175.9
175.158
176.104
176.210
176.213
176.222
176.227
177.46
177.191
177.236
177.245
178.136
178.214
179.110
179.228
180.188
180.249
182.34
183.134
185.102
185.141
185.146
185.205
186.4
186.29
186.61
186.64
186.68
186.139
187.235
188.34
188.71
188.121
189.46
189.216
189.219
189.245
190.239
191.205
195.36
197.32
198.37
200.7
201.103
201.119
201.162
201.173
201.229
201.235
203.162
208.127
209.85
211.107
212.104
213.172
213.207
216.126
221.156
221.200
222.102
222.116
222.154
4.213
20.169
101.89
112.102
117.33
165.245
119.164
113.239
125.40
175.175
36.25
123.9
175.173
42.52
115.220
5.104
45.62
67.219
83.217
88.80
102.211
107.152
128.127
162.251
172.81
185.28
185.150
185.243
190.120
194.55
37.192
46.0
46.22
47.89
68.71
72.49
82.137
87.98
91.147
91.221
93.113
103.9
103.29
103.37
108.175
109.72
109.75
109.160
109.234
114.4
142.54
176.107
181.48
181.143
185.149
185.194
189.50
190.140
194.61
200.105
200.123
202.178
203.115
203.190
217.142
27.254
31.145
34.39
34.87
34.205
35.198
38.158
38.188
38.253
67.43
80.82
81.196
81.200
91.209
101.32
121.167
163.227
175.208
176.31
185.21
187.21
193.38
193.43
222.105
2.136
24.114
31.6
31.25
34.95
35.199
46.42
50.3
85.203
86.38
89.47
104.193
104.251
108.62
138.229
142.189
151.106
151.245
154.47
176.122
184.147
185.75
185.92
185.122
185.182
188.114
193.34
193.37
193.56
194.35
195.2
198.20
209.58
213.232
78.183
193.9
1.23
2.36
2.179
2.182
5.14
5.24
5.155
5.175
5.193
14.46
14.48
14.155
16.171
18.207
18.222
20.98
23.88
23.239
27.124
27.131
31.31
31.222
34.78
34.97
34.219
34.220
34.229
35.144
35.145
35.151
36.27
37.6
37.66
37.230
38.207
41.108
42.96
42.107
42.178
43.100
44.192
44.222
45.244
47.97
47.152
47.157
47.247
49.7
52.47
54.82
54.86
60.174
61.84
61.216
61.220
62.16
66.183
69.169
69.197
72.61
72.76
74.235
77.47
77.77
78.111
78.135
78.157
78.177
79.112
79.129
79.140
79.174
80.87
82.76
82.78
82.162
83.31
83.48
83.234
84.210
85.10
85.26
85.74
85.94
85.117
85.135
85.154
85.193
88.231
88.235
90.160
91.74
91.122
92.98
92.115
93.137
93.158
94.50
95.82
95.106
95.155
95.158
95.221
97.107
97.113
101.91
101.201
102.100
102.142
103.7
103.8
103.46
104.143
105.71
105.106
108.30
108.31
109.52
109.105
109.111
109.185
110.238
111.162
112.94
112.164
114.38
118.161
118.235
119.56
119.192
121.142
122.129
122.166
123.50
123.252
125.21
125.59
125.161
129.122
130.0
130.33
130.180
135.180
137.74
142.181
149.232
154.9
154.125
154.178
154.218
154.239
155.138
156.193
156.221
168.210
174.197
174.208
174.210
175.43
175.138
175.141
175.205
176.101
177.45
177.192
178.90
178.153
178.206
178.213
178.240
180.176
181.174
181.198
181.230
182.75
185.14
185.19
185.136
185.137
185.180
186.97
186.205
187.170
187.183
188.47
188.129
188.151
189.15
189.164
189.238
190.7
190.99
190.166
190.174
190.219
190.236
191.100
191.221
193.232
194.9
194.36
195.64
195.191
196.74
196.121
196.229
196.250
197.149
197.200
197.246
200.88
200.90
200.236
201.68
201.138
201.219
201.249
202.59
202.124
202.155
203.144
206.41
209.99
210.56
212.42
213.91
218.156
218.157
220.79
220.130
221.159
222.114
223.13
223.155
223.223
223.225
8.140
20.102
101.200
110.25
20.106
39.74
180.116
223.151
42.7
116.207
115.54
116.139
123.8
42.87
122.234
220.137
114.226
123.175
182.240
181.102
23.137
37.77
46.165
66.78
82.197
83.97
91.202
96.8
108.61
158.174
178.162
185.40
185.130
185.207
185.220
185.227
193.239
194.15
212.69
212.95
213.176
1.32
14.63
20.83
31.7
31.13
36.90
37.26
37.157
45.124
62.33
69.36
77.46
83.220
84.252
89.38
89.134
91.126
165.140
185.95
197.156
202.29
212.220
213.165
20.64
31.132
38.156
79.133
103.227
104.128
118.31
122.54
123.57
136.49
162.212
162.248
185.65
187.249
188.0
13.57
31.130
37.143
61.76
62.76
67.1
69.167
76.176
79.132
81.24
83.229
85.190
89.168
89.208
89.238
89.248
91.226
91.239
104.140
104.160
104.237
104.247
147.53
151.241
154.222
162.244
170.130
173.232
174.243
176.113
178.172
185.117
185.158
185.192
194.59
94.46
1.1
1.146
2.147
3.82
3.84
3.89
3.143
5.42
5.43
5.44
5.136
5.144
5.195
8.208
13.229
14.0
18.209
18.223
18.232
20.171
23.237
24.135
31.14
31.28
31.47
34.106
34.201
34.217
35.91
35.213
35.216
35.246
36.237
37.8
37.36
37.152
37.155
38.44
38.56
38.171
41.98
42.2
43.154
43.239
44.220
44.223
44.244
44.249
45.121
45.194
46.23
46.38
46.212
46.216
47.18
47.96
47.121
47.205
47.253
49.142
50.47
51.235
52.221
54.145
54.163
54.164
54.213
58.11
59.7
59.17
60.248
61.80
61.228
61.245
62.146
62.209
67.85
67.213
67.220
68.129
70.34
70.51
71.187
72.89
74.101
77.25
77.82
78.101
78.129
78.137
80.29
80.246
81.110
81.133
81.213
82.215
83.4
83.99
84.115
84.221
86.124
86.127
88.119
88.130
88.183
88.242
89.144
89.164
89.244
92.50
92.51
92.63
93.47
93.141
93.143
93.172
93.173
94.190
95.52
95.180
96.126
99.228
99.234
100.16
101.0
102.117
102.134
102.135
102.158
102.159
103.192
104.173
105.68
105.72
106.107
106.193
107.116
109.43
109.201
111.242
112.133
112.160
112.173
112.239
114.47
115.84
115.87
115.247
116.80
117.231
118.45
118.141
118.169
118.208
119.99
119.197
120.27
121.91
121.130
121.173
122.199
123.189
123.192
124.244
125.139
129.204
141.8
142.198
143.58
148.153
148.227
151.34
152.37
154.84
154.118
154.240
155.133
155.254
156.38
156.212
156.214
156.243
158.46
162.210
163.44
166.196
170.39
170.253
173.230
175.210
176.10
176.33
176.38
176.56
176.63
176.89
176.216
177.140
177.174
178.43
178.54
178.69
178.125
178.134
178.140
178.150
178.246
179.94
180.165
180.177
181.23
181.66
181.85
182.93
184.73
185.16
185.46
185.47
185.49
185.72
185.89
185.111
185.148
185.164
185.197
185.230
185.232
185.240
186.92
186.151
186.178
186.188
187.16
187.212
187.250
188.2
188.53
188.66
188.92
188.127
188.186
188.243
189.12
189.36
189.91
189.124
189.150
189.173
189.237
190.43
190.71
190.143
190.201
191.54
191.177
192.81
192.155
192.228
194.50
194.135
195.210
195.250
196.77
196.89
196.126
196.150
196.170
196.206
197.0
199.192
200.82
200.155
201.19
201.50
201.79
201.159
201.177
203.57
203.145
208.115
210.186
211.228
212.83
213.74
213.111
213.202
217.199
219.85
219.91
219.92
220.87
2.55
34.79
74.225
172.174
182.44
47.113
115.199
106.117
183.129
223.15
175.147
122.231
125.46
112.123
182.124
222.141
42.85
124.235
115.206
115.213
223.10
175.146
90.174
157.156
45.58
46.253
62.133
62.182
66.94
77.85
78.142
81.19
91.206
102.130
104.219
138.226
185.34
185.113
185.132
192.34
193.237
216.73
3.137
8.212
31.131
41.174
46.107
62.4
77.65
78.39
82.114
85.237
88.245
91.199
94.73
97.74
109.122
109.238
114.7
149.129
175.144
183.89
185.54
185.161
186.10
189.201
190.12
190.122
194.146
200.71
201.48
202.21
202.57
202.179
203.160
3.239
8.243
14.143
36.111
39.106
43.165
43.250
47.106
74.207
80.80
91.98
112.199
139.9
148.255
176.215
185.142
185.222
190.192
200.59
202.90
211.230
220.89
36.84
37.32
37.65
37.139
38.18
41.77
77.211
77.245
78.138
79.175
85.255
87.255
91.230
93.119
93.126
94.101
104.255
107.161
117.20
134.195
151.243
172.238
174.194
178.129
181.44
185.3
185.36
185.108
185.124
194.39
196.176
196.240
206.168
218.102
37.203
54.219
212.112
1.64
1.160
1.175
2.216
4.217
4.240
5.63
5.178
5.200
13.40
16.170
18.118
18.130
18.217
27.47
27.96
27.145
31.8
31.46
31.61
31.176
34.76
34.91
34.227
34.239
35.92
35.95
35.178
35.221
35.236
36.227
36.228
37.98
37.210
37.211
37.245
38.166
41.66
41.99
41.100
41.214
41.222
41.225
44.211
44.234
45.74
46.48
46.185
46.221
46.251
47.151
47.153
47.161
47.197
47.198
47.201
47.203
49.247
51.252
52.23
54.158
54.162
54.165
54.169
54.198
54.211
54.215
54.225
54.226
58.84
58.209
59.5
59.36
60.184
61.8
61.79
66.81
67.60
67.161
68.119
68.168
70.39
72.26
73.207
74.12
77.32
77.87
77.111
77.137
78.26
78.168
79.131
80.2
80.211
80.244
81.152
82.10
82.117
82.131
82.140
82.222
84.0
84.65
84.160
84.233
85.12
85.66
87.165
87.249
88.227
88.233
89.138
89.223
90.154
91.135
92.71
93.85
93.136
94.29
94.34
94.66
94.109
94.137
94.180
94.249
95.29
95.49
95.53
96.242
98.96
100.29
100.33
101.115
102.86
102.177
102.187
102.188
102.221
103.5
103.52
104.218
105.22
105.97
105.120
105.172
105.188
107.155
107.182
108.29
108.180
109.93
109.95
109.118
110.172
111.241
112.167
113.87
113.116
114.25
114.66
115.23
116.193
117.210
117.230
118.41
119.111
119.234
119.246
120.211
121.183
122.155
123.4
123.108
123.113
123.160
124.82
124.222
125.88
125.237
136.36
136.57
136.60
136.144
138.19
139.192
139.195
140.174
140.228
141.138
141.148
142.44
142.188
144.202
145.82
146.247
148.74
149.19
150.228
151.77
151.251
152.203
154.36
154.83
154.126
154.176
154.242
160.152
161.10
161.18
161.81
166.198
168.158
168.199
171.41
171.83
171.100
173.73
174.83
174.193
174.204
176.0
176.55
176.223
177.33
177.96
178.16
178.42
178.74
178.223
178.253
179.38
179.104
180.246
181.3
181.166
182.74
183.106
183.107
183.109
185.6
185.8
185.9
185.18
185.76
185.110
185.169
185.172
185.219
186.6
186.7
186.13
186.17
186.93
186.210
186.247
187.0
187.122
187.171
188.65
188.72
189.13
189.76
189.107
189.141
189.146
189.157
190.15
190.98
190.129
190.196
191.13
192.177
193.194
194.169
194.187
195.142
195.174
196.96
196.129
196.179
196.219
197.3
197.15
197.101
197.238
197.239
197.242
199.188
200.6
200.219
200.229
201.92
201.230
201.238
202.63
202.163
203.130
203.161
203.177
203.215
204.217
205.254
206.83
206.217
207.248
209.198
211.23
211.75
212.15
212.81
212.225
217.146
218.1
218.149
220.81
220.82
220.120
220.184
220.233
221.232
222.67
222.94
223.176
20.46
111.61
121.159
122.224
183.236
115.216
113.229
182.120
222.142
42.179
42.239
42.86
220.143
42.237
60.22
182.59
113.24
123.172
183.151
181.82
126.172
31.184
62.72
92.246
162.216
176.58
185.106
185.138
202.61
212.21
2.63
38.150
47.252
54.177
74.81
78.31
78.128
85.113
85.133
89.250
109.224
118.91
146.235
149.104
151.232
154.66
154.113
168.253
175.203
178.215
178.236
180.92
184.170
185.99
185.114
185.140
189.39
190.205
190.242
195.138
200.125
202.40
202.148
203.170
212.8
212.33
213.21
223.27
34.93
43.201
44.213
59.6
94.248
110.164
120.89
121.37
129.153
154.117
185.218
188.134
192.53
195.175
195.178
200.26
203.175
217.217
15.181
37.67
37.72
37.225
46.222
47.195
62.3
76.67
77.220
89.34
91.103
99.232
104.164
107.158
113.250
118.233
122.184
141.253
151.248
158.222
168.81
172.68
185.121
185.166
185.173
192.198
193.46
193.142
193.163
193.203
194.99
194.105
194.110
196.242
198.144
213.219
216.213
217.180
185.163
1.22
2.71
2.86
3.86
3.112
3.215
5.36
5.37
5.141
5.149
5.151
5.199
13.42
13.48
13.59
13.201
14.32
14.38
14.45
14.98
14.141
14.145
14.153
14.242
15.158
18.162
18.170
18.175
18.215
18.236
18.237
23.227
23.251
31.11
31.24
31.141
31.192
34.40
34.84
34.94
34.204
34.207
35.78
35.147
35.171
35.240
36.76
36.82
36.238
37.35
37.41
37.109
37.122
37.150
37.153
37.208
37.233
38.61
38.132
38.246
38.254
39.99
40.160
41.68
41.86
41.101
41.102
41.191
41.217
43.226
44.201
45.48
45.63
45.199
46.44
46.104
46.106
47.95
47.120
47.144
47.160
47.186
47.189
49.185
49.186
50.5
51.9
52.53
52.66
54.147
54.151
54.153
54.184
54.191
54.210
59.1
59.3
59.8
59.144
59.188
60.246
61.16
62.221
62.228
68.41
68.197
71.194
71.203
72.136
72.143
73.14
73.176
73.197
74.80
76.132
77.40
77.120
77.209
77.223
78.1
78.24
78.25
78.164
78.167
79.23
79.173
80.77
80.136
80.191
80.215
81.29
81.30
81.60
81.183
81.195
81.222
82.4
82.5
82.30
82.34
82.163
82.199
83.27
83.105
84.37
84.53
84.242
85.73
85.159
85.187
85.250
86.157
87.8
87.202
87.247
88.135
88.156
88.196
88.232
89.31
89.33
89.252
90.248
91.151
92.46
92.240
93.42
93.86
93.93
94.55
94.59
94.65
94.134
94.143
94.203
94.242
95.141
95.154
95.191
95.215
95.220
96.19
96.232
97.106
100.35
100.36
101.68
101.127
102.157
102.176
103.71
104.222
105.73
105.102
105.161
105.168
106.0
106.79
106.204
106.223
108.36
108.41
109.42
109.54
109.187
109.200
109.242
111.220
112.27
113.21
113.131
114.30
114.43
114.55
115.69
115.130
115.131
117.232
118.160
118.167
118.210
119.28
119.29
119.45
119.153
119.200
119.201
119.206
119.207
120.224
120.238
121.7
121.196
121.237
122.57
125.18
128.0
128.106
134.185
136.52
136.62
139.167
139.171
141.147
141.195
146.168
146.241
147.50
147.139
148.101
149.108
151.252
152.156
152.200
152.250
154.22
154.159
156.218
156.222
160.155
161.8
162.83
166.181
167.0
169.1
169.149
171.96
172.88
172.121
173.34
173.49
173.209
174.91
174.212
174.220
174.226
174.244
174.247
175.101
176.7
176.202
177.35
177.102
177.144
177.189
178.89
178.139
178.221
178.241
178.245
179.36
179.130
179.152
179.160
180.73
181.40
181.51
181.53
181.110
181.178
182.42
183.191
185.24
185.27
185.33
185.44
185.70
185.151
185.179
185.184
185.185
186.23
186.69
186.71
186.77
186.159
186.236
187.1
187.74
187.101
187.131
187.234
188.25
188.37
188.161
188.164
189.30
189.82
189.110
189.112
189.128
189.180
189.244
190.0
190.9
190.49
190.121
190.151
190.218
191.55
191.82
191.189
191.217
192.9
192.46
192.95
192.161
192.166
192.250
193.93
194.4
194.38
194.147
194.242
195.242
196.3
197.14
197.44
197.94
197.134
197.231
200.36
200.112
201.17
201.188
201.221
202.134
203.83
203.194
207.188
208.104
210.4
211.22
211.114
211.198
211.226
212.70
213.32
213.59
213.255
217.24
217.65
217.69
217.115
218.21
218.90
218.158
218.173
220.116
220.141
220.191
221.226
222.109
35.237
39.104
42.51
111.38
112.28
115.227
117.14
118.196
118.250
171.80
175.10
183.99
220.201
222.139
121.199
175.30
61.137
111.170
123.144
175.174
111.77
221.14
115.151
122.232
125.104
42.234
218.72
36.24
111.176
180.115
191.59
221.157
119.115
126.148
121.203
5.2
72.211
80.94
82.118
87.101
94.16
98.128
154.90
185.35
185.62
185.129
185.247
8.221
37.18
37.44
37.128
54.90
77.50
87.107
93.91
118.67
120.50
122.154
122.252
129.205
154.79
156.244
177.68
185.143
186.26
186.190
188.124
190.246
192.111
192.171
193.33
200.85
200.108
200.192
202.69
212.119
212.231
213.231
3.15
13.233
13.250
15.206
18.216
18.224
34.96
34.234
43.162
51.20
54.172
54.221
68.235
80.85
89.43
95.0
98.94
110.232
113.192
114.142
122.53
139.177
141.136
147.185
177.82
188.126
207.246
211.225
212.175
3.101
18.88
23.19
24.185
46.37
50.117
67.81
70.48
71.167
73.0
80.79
81.33
82.149
84.200
86.158
89.106
93.178
95.171
139.60
155.117
157.97
158.51
158.255
162.218
170.205
173.245
185.250
186.167
188.211
188.212
190.185
191.252
193.35
194.34
194.186
197.243
212.97
212.107
217.113
185.53
1.14
2.37
2.38
2.61
2.84
3.16
3.19
3.95
3.99
5.76
5.121
5.152
5.154
5.223
13.41
13.53
13.127
13.223
14.33
14.142
18.220
20.80
23.22
23.23
24.44
24.107
24.125
24.188
24.232
24.234
27.18
31.97
31.163
31.164
31.182
31.185
31.205
31.210
32.216
34.19
34.140
34.142
35.172
35.203
35.233
35.244
37.21
37.248
38.65
38.76
38.196
38.210
38.240
39.107
39.144
39.164
40.76
41.62
41.69
41.115
41.135
41.155
41.210
41.212
41.218
42.233
43.132
43.138
43.243
43.254
43.255
44.210
44.214
44.242
44.251
45.113
46.19
46.33
46.49
46.72
46.116
46.255
47.115
47.150
47.204
48.217
49.87
49.232
50.16
52.195
54.80
54.81
54.89
54.92
54.160
54.161
54.167
54.176
54.205
54.238
58.96
58.153
59.2
59.23
59.148
60.49
60.51
60.251
61.5
61.92
61.219
61.221
61.222
62.97
63.143
66.9
66.102
67.20
67.80
67.86
67.170
67.230
68.33
68.84
68.193
69.5
69.62
70.50
70.77
71.6
71.68
71.199
72.80
73.169
73.193
73.251
74.102
75.159
77.49
77.73
77.124
78.83
78.84
78.90
78.100
78.130
78.165
78.185
78.191
79.52
79.111
79.124
79.125
79.144
79.150
79.157
80.41
80.44
80.83
80.89
81.92
81.100
81.101
81.105
81.172
81.226
82.28
82.79
82.86
82.167
83.26
83.29
83.30
83.149
83.239
84.64
85.11
85.75
85.95
85.153
85.247
86.11
86.17
86.161
87.119
87.123
87.196
88.151
88.212
88.214
88.228
88.249
88.250
89.28
89.172
89.189
89.241
89.242
89.247
91.75
92.52
92.60
92.127
92.203
93.45
93.67
93.89
93.156
93.181
94.21
94.45
94.64
94.206
94.234
95.7
95.59
95.99
95.105
95.129
95.161
95.169
96.45
96.234
97.114
98.46
98.80
98.142
98.186
99.229
99.230
100.1
100.11
100.24
100.28
101.100
102.41
102.44
102.78
102.207
104.33
104.224
104.232
105.66
105.79
105.103
106.52
106.54
107.127
108.53
108.54
109.78
109.126
109.164
110.42
111.229
112.118
112.185
112.187
112.216
113.20
113.193
114.216
114.250
115.21
115.60
115.160
117.62
118.37
118.137
118.168
119.59
119.100
119.236
121.52
121.133
121.137
121.161
121.170
122.11
122.97
122.121
122.233
123.202
124.13
124.107
125.115
125.138
128.65
129.154
130.255
136.34
136.35
139.64
139.84
140.248
142.214
143.42
149.57
150.195
151.82
151.234
152.170
152.206
154.5
154.7
154.246
156.57
156.198
156.213
157.47
157.131
160.242
161.22
162.43
165.51
166.182
167.248
168.80
172.97
172.203
172.248
173.63
174.51
174.107
174.192
174.206
174.211
174.215
174.236
174.245
175.111
175.156
175.214
176.96
176.99
176.193
176.194
176.208
176.219
177.4
177.154
177.183
177.226
177.230
178.27
178.35
178.64
178.72
178.255
179.52
179.111
179.113
179.199
179.209
179.214
179.222
179.232
179.251
180.108
180.158
181.4
181.13
181.24
181.49
181.64
181.84
181.170
181.237
182.9
182.73
182.151
184.72
185.23
185.43
185.83
185.84
185.123
185.139
185.144
185.145
185.152
185.160
185.168
185.201
185.237
186.2
186.11
186.19
186.62
186.78
186.91
186.134
186.223
187.22
187.57
187.134
187.136
187.195
187.223
188.28
188.38
188.123
188.150
188.155
188.208
188.226
189.29
189.45
189.48
189.63
189.74
189.147
189.187
189.223
190.3
190.48
190.106
190.173
190.202
190.229
191.17
191.104
191.183
191.220
193.0
193.23
194.60
194.230
195.128
196.153
197.1
197.26
197.120
197.147
197.249
198.38
199.126
199.247
200.152
200.189
201.75
201.170
201.172
202.44
202.53
202.141
202.169
203.78
203.171
203.211
205.209
207.81
209.74
209.250
211.30
211.72
211.106
211.216
211.221
212.46
212.87
212.116
212.132
213.130
213.182
213.196
216.49
216.128
216.180
216.232
216.244
217.21
217.26
217.79
217.155
217.170
217.201
218.255
219.77
219.89
220.71
220.94
220.118
220.244
221.154
221.233
222.100
222.117
222.120
222.186
223.17
223.18
223.227
4.197
27.128
60.205
61.184
111.39
112.31
114.217
118.26
120.46
218.29
221.13
20.29
119.179
122.246
118.248
220.129
36.32
123.165
113.228
113.236
113.237
115.59
115.62
119.116
124.94
182.114
42.54
223.149
115.51
183.157
106.40
114.138
115.194
60.189
42.226
42.232
32.218
78.159
80.67
81.181
82.221
94.75
104.192
185.67
200.122
203.202
24.37
34.216
35.183
43.205
43.208
46.160
60.54
77.241
78.140
81.162
88.87
89.151
89.237
92.247
101.96
109.68
109.86
109.168
114.129
115.85
119.40
121.169
121.200
123.136
124.6
134.249
179.27
181.10
185.86
185.87
185.119
185.133
190.119
190.144
192.158
192.200
192.252
200.80
208.102
212.39
212.124
216.218
3.14
3.17
3.108
3.131
3.232
5.102
18.116
34.48
35.182
38.199
41.254
46.30
47.81
47.116
50.17
52.77
52.188
52.202
59.9
64.181
72.240
74.249
87.229
91.241
109.230
139.159
147.75
148.230
150.95
154.64
156.208
158.160
164.138
174.129
178.252
181.119
185.64
185.118
187.61
194.33
195.200
201.143
201.217
202.43
202.191
203.80
204.199
207.254
210.87
212.2
217.174
218.145
220.128
222.124
24.9
36.143
38.62
46.226
49.180
50.89
64.229
67.215
69.166
70.49
75.127
77.42
80.115
82.211
83.7
84.39
85.214
86.110
92.49
95.140
104.23
128.204
141.101
147.189
151.240
154.193
155.2
170.199
174.228
176.53
178.63
178.95
178.171
178.249
178.250
184.145
185.38
185.91
185.214
188.254
193.39
194.180
200.63
202.7
209.242
212.115
213.142
213.194
216.74
217.29
221.153
1.173
2.34
2.44
2.48
2.87
2.139
2.176
2.181
3.107
3.109
3.133
4.242
5.1
5.88
5.122
5.177
5.194
5.203
5.206
5.231
5.250
13.58
13.61
13.203
14.37
14.39
14.52
14.53
14.55
14.212
15.223
16.56
18.119
20.40
20.42
23.111
24.21
24.22
24.47
24.84
24.90
24.130
24.139
27.10
27.42
27.54
27.110
27.150
31.138
31.204
31.208
34.32
34.83
34.89
34.116
34.129
34.151
34.213
34.224
34.228
35.153
35.159
35.247
36.74
36.112
37.22
37.40
37.96
37.140
37.205
37.232
38.9
38.45
38.107
38.147
38.175
38.226
39.32
39.109
41.73
41.103
41.123
41.138
41.145
41.198
41.207
41.230
42.60
42.98
43.198
44.247
44.250
46.41
46.46
46.50
46.73
46.162
46.177
46.238
47.104
47.155
47.181
47.184
47.187
47.196
47.230
49.76
49.236
50.19
50.24
50.38
50.68
50.98
52.14
52.44
52.103
54.83
54.144
54.166
54.244
58.34
58.176
59.28
59.52
60.190
61.73
61.227
62.19
62.31
62.73
62.192
62.212
64.20
64.92
64.121
64.140
64.180
66.27
66.85
66.90
66.108
66.128
66.179
67.169
67.188
67.245
68.66
68.106
68.134
68.202
69.176
70.31
70.45
70.65
70.71
70.177
71.57
71.63
71.84
71.185
71.195
71.212
71.229
71.232
71.233
72.68
72.189
72.196
73.23
73.32
73.92
73.107
73.127
73.157
73.222
73.254
74.141
75.140
75.155
76.38
76.39
76.164
77.71
77.92
77.99
77.100
77.103
77.235
78.0
78.107
78.108
78.172
78.181
78.184
79.56
79.98
79.152
80.151
80.192
80.253
81.108
81.158
81.227
82.7
82.8
82.36
82.44
82.84
82.156
83.25
83.39
83.233
83.254
84.20
84.78
84.143
84.173
85.14
85.31
85.72
85.87
85.244
86.12
86.16
86.42
86.62
86.140
86.152
86.153
86.164
86.191
88.85
88.206
88.207
88.208
88.226
88.240
89.42
89.191
89.215
89.236
90.131
91.140
91.160
91.197
91.212
91.220
92.18
92.55
92.126
92.223
92.236
93.40
93.56
93.92
93.103
93.116
93.152
94.71
94.127
94.176
94.189
94.202
95.57
95.64
95.124
95.152
95.167
95.183
95.235
96.33
96.43
96.44
96.224
96.246
97.120
98.35
98.92
98.114
98.116
98.117
99.233
99.250
99.255
100.15
100.26
101.56
101.58
101.71
102.18
102.40
102.46
102.152
102.206
102.249
103.63
103.201
104.171
104.199
104.205
105.96
105.104
105.108
106.70
107.11
108.171
109.57
109.121
109.176
110.34
110.168
111.59
111.255
112.30
112.111
112.168
113.45
113.89
114.8
114.40
114.199
115.70
115.178
115.215
116.14
116.251
117.69
118.93
118.103
118.171
119.74
119.193
119.237
120.24
120.188
121.33
121.45
121.122
121.123
121.152
121.162
122.55
122.56
122.96
122.100
123.194
123.243
124.43
124.66
125.30
125.94
125.126
125.133
125.136
129.80
130.176
132.147
134.22
135.26
135.220
136.32
136.33
137.97
137.118
138.75
140.141
142.129
144.34
144.86
145.236
146.0
146.200
147.30
149.71
149.167
151.45
151.62
152.36
152.207
152.230
154.74
154.91
154.144
154.177
154.217
154.250
156.209
157.143
160.16
162.215
162.221
162.254
165.99
167.17
168.167
168.235
169.155
170.75
172.83
172.90
173.35
173.54
173.68
173.88
174.63
174.93
174.95
174.238
174.242
175.140
175.142
175.178
175.213
176.1
176.110
176.195
176.199
176.224
176.233
177.18
177.20
177.62
177.81
177.116
177.195
177.241
177.249
178.24
178.167
178.222
178.235
179.33
179.41
179.165
179.190
179.218
179.236
181.39
181.65
181.67
181.90
181.171
182.155
183.102
183.178
184.144
184.146
184.148
185.5
185.41
185.171
186.18
186.137
186.154
186.180
186.220
187.18
187.23
187.34
187.36
187.60
187.154
187.199
188.70
188.77
188.172
188.227
188.237
188.242
188.244
188.247
188.252
189.37
189.83
189.123
189.129
189.130
189.159
189.168
189.179
190.20
190.55
190.155
190.172
190.186
190.215
190.226
191.52
192.109
193.8
193.207
193.238
194.58
195.3
195.32
195.66
195.114
195.224
196.22
196.25
196.61
196.70
196.135
196.137
197.159
197.214
197.240
197.251
198.27
198.74
198.105
200.69
200.118
200.165
201.11
201.29
201.33
201.213
202.8
202.46
202.138
202.150
202.160
202.186
203.56
203.106
203.109
203.217
204.12
206.116
210.6
210.18
211.46
211.185
211.220
212.12
212.52
212.57
212.105
213.94
213.110
213.153
213.155
213.158
213.166
213.171
213.177
216.164
216.234
216.250
217.61
217.144
218.68
218.146
218.166
220.86
220.121
220.122
220.123
220.146
220.158
220.235
221.121
221.132
221.144
221.152
221.163
221.165
221.167
222.111
222.219
223.16
223.24
223.197
223.207
4.189
35.196
36.139
52.172
59.63
112.161
113.200
114.106
120.78
122.58
122.188
123.129
124.71
124.234
139.199
172.202
211.20
218.0
222.185
223.82
20.15
40.119
156.216
223.4
119.163
163.0
171.120
182.88
60.250
121.176
91.55
113.231
119.114
175.149
182.122
42.53
42.6
34.125
188.174
156.223
222.246
106.32
123.173
175.31
183.159
157.107
175.150
31.140
126.160
198.235.24
167.94.138
195.184.76
162.142.125
205.210.31
64.62.197
64.62.156
113.212.69
113.212.70
188.143.232
188.143.233
192.251.226
216.151.130
216.151.137
216.151.138
216.152.249
216.152.252
66.132.153
23.129.64
104.152.52
199.45.154
212.30.36
207.182.29
42.48.38
216.24.210
182.138.158
212.30.33
1.24.16
23.157.185
167.94.146
112.46.212
36.35.166
199.45.155
112.46.213
58.242.60
63.135.161
36.35.165
216.24.212
38.134.226
58.243.126
220.197.78
135.237.126
123.178.210
146.88.241
205.169.39
74.82.47
183.199.125
221.199.73
112.46.214
85.217.149
202.173.125
36.35.146
112.132.158
192.42.116
204.8.96
196.198.13
185.155.233
36.35.162
204.93.149
18.97.5
58.212.237
18.97.26
18.97.19
212.30.37
154.214.1
184.105.247
171.105.76
154.94.12
209.87.169
45.202.78
69.147.248
45.202.76
1.83.125
204.76.203
154.94.13
66.167.166
45.202.77
154.28.229
77.93.143
199.101.196
135.237.125
66.167.169
154.94.14
154.94.15
45.202.79
156.240.99
199.96.166
36.106.167
193.19.109
216.24.219
207.90.244
130.12.180
85.217.140
89.251.0
14.135.74
185.251.19
196.244.48
199.96.165
13.89.125
64.49.38
36.106.166
114.97.191
64.49.39
184.105.139
199.96.167
167.94.145
198.154.80
199.96.164
64.49.36
196.199.10
144.123.77
124.117.193
171.25.193
220.167.233
221.207.34
156.0.130
64.49.37
212.73.148
124.117.192
183.197.56
89.37.66
192.119.164
14.135.75
121.29.149
116.254.97
74.7.227
66.167.147
195.24.237
223.166.22
112.46.215
216.151.180
81.199.26
158.94.209
124.227.31
220.167.232
221.207.35
185.115.7
114.97.190
218.92.0
109.70.100
209.234.253
217.145.224
66.232.126
102.204.223
130.250.191
66.115.181
130.44.203
121.29.84
86.105.178
110.244.96
120.11.93
130.44.201
135.237.127
120.11.91
121.16.26
172.172.30
185.11.61
222.176.201
161.115.235
196.243.240
64.145.93
185.115.5
120.11.97
198.240.91
64.40.156
185.115.4
185.115.6
198.203.28
216.183.125
120.11.90
200.174.198
119.251.179
159.242.227
199.187.211
212.11.64
110.244.98
120.11.92
110.244.97
202.75.29
198.240.90
213.226.101
119.63.138
23.140.40
216.24.213
74.7.242
110.244.95
123.147.252
196.57.225
222.176.200
120.11.96
23.191.200
79.142.79
202.49.186
49.125.201
193.189.100
113.30.168
196.197.25
36.250.220
86.54.42
144.123.76
72.52.87
199.249.230
217.145.227
121.73.163
168.100.149
69.16.157
62.204.35
145.79.196
149.36.50
146.88.240
196.198.211
50.2.38
23.160.72
81.88.49
219.128.55
194.124.76
195.78.54
82.147.84
142.91.118
62.106.78
74.82.60
74.118.126
96.31.87
123.147.247
195.24.236
161.115.239
12.202.180
216.158.194
86.54.31
161.115.226
176.125.230
217.145.226
36.250.221
89.221.206
64.62.219
74.7.241
194.165.16
216.24.216
13.89.124
173.213.93
23.248.167
185.176.207
121.73.162
158.94.210
74.7.243
145.14.135
193.108.116
202.125.100
23.132.164
180.95.231
184.178.172
69.16.145
159.242.234
209.107.192
216.169.136
59.173.108
27.0.216
27.115.124
203.6.208
216.246.31
135.237.124
112.112.212
193.26.115
79.135.105
89.221.204
216.169.140
217.9.247
120.220.194
121.73.169
158.94.208
43.240.193
59.173.111
223.64.222
193.138.7
216.158.209
43.175.184
193.29.107
124.198.131
41.204.44
144.123.78
59.173.109
192.165.198
31.12.93
31.12.95
134.255.243
196.58.225
27.0.217
66.84.94
66.115.149
203.95.196
122.194.9
104.206.162
196.58.229
68.67.198
85.8.130
85.128.143
212.103.60
81.192.46
197.5.145
221.208.113
195.47.238
23.104.162
69.165.7
170.62.226
188.215.235
195.80.150
36.39.206
198.167.206
67.218.4
195.47.194
212.18.113
212.103.61
113.249.101
208.52.181
62.204.49
12.221.147
115.231.78
183.198.172
185.45.15
196.244.71
202.9.122
27.112.79
121.73.168
121.131.220
116.178.129
118.212.121
194.70.234
194.126.177
122.102.27
208.84.101
34.68.34
118.212.123
80.65.220
194.53.140
64.145.76
161.115.234
176.125.228
128.203.204
110.24.36
112.109.216
31.12.92
194.76.114
198.202.171
176.125.229
183.198.175
185.31.202
193.29.139
216.185.46
217.148.140
116.178.130
77.94.1
193.19.204
38.187.199
66.240.236
111.202.31
130.44.202
194.88.100
196.18.175
202.14.7
202.125.43
195.177.113
48.214.144
104.29.142
116.178.128
112.109.217
202.75.28
195.88.86
88.202.190
89.37.175
101.198.0
149.36.49
172.252.233
172.255.81
193.108.117
27.24.141
135.233.112
180.95.238
122.194.13
184.181.217
80.65.222
130.44.200
142.234.202
194.145.147
212.103.48
84.21.168
122.10.198
203.93.104
153.99.94
186.177.88
194.107.115
20.12.240
20.221.72
60.13.6
112.115.155
116.149.251
59.82.135
192.159.99
72.195.34
66.212.19
66.212.24
172.255.93
198.190.2
38.98.190
38.98.191
45.252.57
95.134.63
206.125.175
212.244.120
156.227.232
124.89.90
193.3.53
110.36.0
59.82.83
193.53.168
193.58.168
193.58.169
209.163.118
69.16.147
41.202.207
50.118.223
96.47.239
104.254.92
113.212.111
151.247.129
172.252.143
192.175.111
193.108.118
204.9.38
206.53.54
212.18.127
216.151.184
40.77.167
183.150.183
220.205.122
192.40.95
203.23.179
38.74.14
64.15.129
77.234.44
80.70.109
117.53.41
192.253.210
198.56.0
203.25.124
209.73.147
216.169.133
27.112.78
36.135.62
60.213.10
180.93.96
135.237.123
59.173.110
60.13.7
116.178.131
118.123.1
118.212.120
170.155.12
147.92.55
149.36.51
194.127.199
195.216.158
43.175.185
66.111.61
114.9.16
152.233.20
162.253.129
192.253.250
194.88.96
203.95.198
62.164.177
102.53.15
164.52.24
101.249.63
123.138.77
157.61.212
67.201.33
70.166.167
45.206.72
162.158.167
135.129.124
145.79.197
165.211.32
172.255.83
193.108.119
194.93.37
196.92.7
202.173.124
212.23.215
216.41.235
118.212.122
121.29.85
204.137.14
162.253.68
80.70.111
168.93.220
173.214.176
202.14.4
202.14.6
147.92.52
62.233.39
64.145.94
89.37.63
103.11.216
112.3.244
123.6.49
123.147.251
141.0.12
142.234.203
162.247.74
194.0.234
194.116.208
198.56.1
199.33.71
199.115.195
209.121.189
212.5.158
84.213.189
120.240.178
203.55.131
101.249.62
112.122.58
124.198.132
45.42.88
72.57.100
72.57.101
195.216.159
198.190.3
209.163.119
38.90.16
38.91.100
38.91.101
62.93.167
62.93.178
93.95.117
104.206.81
123.147.249
153.92.40
159.242.228
178.238.10
185.96.166
195.179.200
198.56.7
198.190.0
66.249.66
139.19.117
221.11.20
154.54.249
38.135.25
199.195.248
199.195.253
154.86.112
154.86.113
172.255.80
31.12.94
31.22.11
38.146.57
47.246.164
58.213.26
79.142.77
80.81.144
91.250.240
149.36.48
172.255.94
173.254.252
194.127.167
198.190.7
203.187.238
205.147.17
209.53.155
220.181.90
101.13.5
116.120.58
200.195.162
123.138.79
91.208.75
80.65.221
203.159.81
216.41.233
202.14.5
23.166.88
38.90.18
41.202.219
64.145.90
82.145.212
83.219.96
111.7.96
128.241.235
143.20.185
168.93.231
193.19.207
195.146.6
198.190.4
199.7.142
202.86.218
216.158.208
216.169.132
20.221.68
156.232.94
4.210.177
150.223.194
101.249.61
221.11.4
112.122.57
98.170.57
45.206.73
64.238.204
72.57.74
141.255.164
152.233.3
154.86.114
23.104.184
23.191.80
23.247.137
27.100.12
45.252.59
62.93.176
64.145.79
77.234.43
106.38.188
156.0.212
172.99.190
185.50.25
193.28.182
194.1.192
196.28.226
198.190.6
202.173.127
210.89.34
216.55.146
216.158.192
38.20.0
60.199.224
95.130.227
116.177.172
9.234.10
130.131.162
61.166.210
106.4.161
128.203.200
221.11.60
18.97.9
72.223.188
208.87.243
72.57.99
84.21.169
95.135.175
147.92.53
209.163.117
23.104.161
23.158.56
23.249.172
38.68.135
38.128.66
41.185.8
64.120.34
64.124.8
69.12.79
89.41.190
96.62.105
104.254.89
121.127.34
123.147.244
141.0.13
192.253.209
195.160.192
198.56.5
198.56.6
199.160.209
199.233.228
206.123.153
210.89.37
213.152.161
20.123.146
39.171.95
96.78.175
156.227.233
202.157.177
211.154.24
116.172.249
20.115.90
124.89.89
135.222.40
221.11.51
101.199.254
195.177.94
61.242.54
112.122.59
36.34.233
38.135.24
64.190.76
82.153.138
199.195.251
72.205.0
199.116.112
72.57.98
80.65.223
85.9.20
161.115.231
196.244.192
198.181.163
17.241.227
38.109.228
43.227.227
49.77.39
57.140.32
64.8.232
69.49.112
79.142.76
79.172.214
94.229.221
108.186.244
112.65.212
162.12.244
185.50.251
193.118.38
193.148.16
193.218.118
195.199.250
198.56.3
198.56.4
208.78.41
210.182.73
216.151.183
217.114.38
24.137.45
60.188.57
114.220.238
148.206.53
150.5.169
154.210.208
157.122.198
185.50.38
186.124.218
189.8.108
208.69.161
218.4.91
221.149.233
52.165.81
9.234.8
128.203.201
202.112.47
158.172.251
66.132.159
38.12.31
154.49.0
130.12.182
195.176.3
62.220.112
98.175.31
98.191.0
68.234.41
72.57.75
154.199.69
195.179.201
206.214.82
38.97.116
82.147.85
147.92.54
31.3.152
38.121.43
42.0.7
62.93.165
62.93.179
74.115.1
86.105.185
89.37.173
119.249.100
141.255.162
149.51.7
156.0.214
162.12.213
170.62.100
180.109.151
180.153.197
192.154.196
193.24.211
198.56.2
198.186.130
198.190.1
199.87.208
203.88.145
209.59.229
210.149.114
212.92.104
213.174.29
216.185.47
217.19.214
222.95.207
8.154.0
12.189.234
49.75.185
74.87.117
95.128.196
125.90.72
142.248.80
200.225.246
203.55.221
66.240.192
112.122.237
101.249.60
130.131.161
172.212.200
221.11.5
8.34.210
27.43.207
154.212.141
36.34.232
27.43.206
93.99.104
109.71.252
24.249.199
98.181.137
176.235.182
31.15.19
66.146.235
85.90.208
89.190.151
199.167.138
20.49.146
31.187.78
38.114.120
46.254.110
49.77.68
57.140.28
64.120.33
77.48.74
82.145.211
120.226.28
154.28.21
156.0.213
162.128.128
173.252.167
183.182.119
193.58.171
194.88.103
196.58.13
196.58.214
197.157.194
197.157.195
199.33.68
202.86.216
202.168.84
203.2.112
204.44.76
209.92.184
211.32.8
217.119.129
223.252.34
23.97.62
92.191.96
106.37.72
110.177.180
113.31.103
116.114.84
118.139.164
124.167.20
135.237.122
154.43.52
157.122.199
189.218.82
197.220.93
209.23.72
222.110.147
223.93.189
178.22.24
20.81.46
52.186.182
223.83.130
110.24.32
200.233.36
203.195.82
122.193.10
217.119.139
124.23.134
77.48.28
80.66.72
85.163.113
216.155.93
23.110.173
98.158.233
154.199.14
161.129.60
17.241.219
23.154.177
23.157.88
23.162.200
38.68.134
45.73.181
64.113.0
66.235.168
68.65.122
69.15.19
77.48.23
82.145.210
89.32.41
113.215.189
118.113.244
118.113.245
122.102.25
173.205.82
174.140.254
180.102.11
180.125.30
183.209.146
185.51.134
185.96.37
185.127.46
188.167.251
190.90.251
192.142.18
193.138.218
193.149.225
194.76.35
195.18.18
195.74.90
195.238.127
202.168.85
203.31.169
203.96.170
203.207.56
208.91.64
213.77.99
216.39.249
217.114.43
217.147.172
217.196.163
2.74.203
23.91.96
41.85.188
113.201.37
116.48.151
123.139.116
156.227.236
183.232.212
189.47.10
201.186.40
206.109.56
3.98.92
13.86.113
20.51.234
20.221.56
52.165.80
185.224.128
13.86.116
80.70.96
104.29.145
104.156.155
123.138.72
124.89.118
128.203.203
183.205.154
38.190.125
92.87.115
190.13.213
84.236.140
61.242.58
116.52.141
58.243.190
27.43.204
124.23.133
87.118.116
62.112.9
72.195.114
98.178.72
98.188.47
174.64.199
174.75.211
103.22.99
118.113.247
72.57.77
81.168.120
98.158.235
104.22.17
149.20.244
195.62.49
205.142.33
17.241.75
23.90.184
38.75.136
38.75.137
38.98.189
63.250.38
67.226.219
72.11.157
74.115.0
80.96.44
80.255.5
80.255.7
81.88.52
87.246.11
89.32.170
91.102.183
91.198.95
92.87.142
92.243.181
92.243.182
94.229.71
113.212.108
114.29.229
114.231.72
117.120.9
122.152.49
122.152.51
123.141.181
140.233.166
149.7.16
182.255.48
186.86.52
188.94.33
192.64.117
193.148.19
198.89.123
198.176.56
198.187.29
198.190.5
199.181.239
199.244.88
202.66.165
202.94.164
208.70.11
212.66.41
213.152.162
216.224.124
219.100.37
223.252.16
3.130.96
3.132.23
66.116.199
66.240.223
89.107.155
93.174.95
101.13.4
104.210.140
111.44.137
111.57.17
117.176.131
121.73.167
172.210.9
183.204.86
197.153.57
199.195.254
210.187.49
220.181.84
62.204.41
135.233.96
172.210.68
180.111.30
4.227.178
40.67.161
52.165.82
117.68.74
171.8.138
171.12.10
172.172.23
58.243.46
117.25.122
58.243.47
123.138.237
58.243.121
223.109.64
74.7.229
67.201.35
68.1.210
198.177.254
202.154.18
202.181.16
67.216.237
96.62.111
149.20.241
149.20.246
193.188.123
205.237.111
207.199.190
209.163.116
218.152.33
212.82.43
23.146.184
23.189.168
23.249.26
35.130.111
38.22.17
38.90.17
38.92.25
38.111.114
38.114.114
38.146.55
41.85.163
43.227.226
49.83.108
49.83.137
50.87.144
59.39.226
62.233.48
64.113.1
64.238.203
68.65.120
69.15.16
70.32.1
75.98.220
80.255.2
89.45.6
89.105.214
96.62.96
105.116.7
117.88.207
142.249.36
167.94.165
171.42.139
172.99.189
173.237.194
178.251.107
180.125.38
188.143.244
190.57.242
192.73.253
193.58.104
193.148.18
194.76.33
194.85.210
194.88.99
196.19.240
196.19.249
198.134.109
200.25.254
202.9.123
202.14.120
202.86.219
203.17.245
204.1.138
206.212.255
207.174.6
208.131.139
209.160.115
210.108.78
212.126.119
3.149.59
5.191.249
24.244.92
27.111.32
58.16.114
66.154.105
67.71.54
84.213.191
88.142.46
89.67.37
94.78.89
103.2.225
113.140.95
115.124.100
116.147.40
116.162.218
117.156.112
125.91.106
160.174.129
164.30.20
175.200.104
183.221.220
187.210.77
202.111.183
202.157.176
203.23.199
219.151.181
220.205.123
13.86.115
72.90.84
117.25.124
151.219.62
221.199.14
1.193.63
20.124.87
20.221.66
85.90.199
110.177.176
117.159.9
124.89.119
171.34.168
172.178.83
172.178.115
202.100.212
218.205.95
200.114.64
89.41.63
172.166.156
164.164.5
66.8.6
171.36.7
36.150.185
57.141.2
222.95.168
58.242.59
185.96.167
108.59.12
193.105.134
5.95.121
45.204.208
196.29.231
91.144.45
193.181.35
195.62.50
58.216.109
66.212.27
69.4.95
104.22.20
172.102.223
192.157.59
194.107.125
208.65.90
87.246.10
1.182.193
12.36.67
23.133.64
23.162.152
23.177.40
23.185.208
38.86.135
38.99.82
38.114.122
38.130.38
38.165.230
39.156.168
49.74.224
50.118.225
58.181.101
62.128.217
63.125.91
63.133.220
64.79.232
66.84.91
69.49.117
69.50.94
74.124.220
74.124.222
81.88.53
81.94.156
82.80.249
84.55.2
84.55.7
84.236.141
85.202.108
89.41.26
104.206.32
105.115.6
109.235.22
111.13.117
111.13.118
112.3.246
112.143.1
114.238.39
125.17.108
128.241.232
140.206.236
149.20.240
149.51.5
149.51.6
173.214.164
180.111.176
182.255.32
184.151.230
185.50.250
185.176.220
188.95.54
193.19.205
193.25.167
193.109.199
193.109.221
193.188.113
193.192.179
194.62.166
195.16.73
195.16.79
195.85.194
195.222.57
199.180.9
202.38.181
202.89.67
202.93.153
203.96.171
204.136.10
205.147.16
208.91.69
209.146.63
209.235.136
210.211.61
211.253.10
212.58.114
213.218.228
216.39.248
217.156.8
1.235.192
12.156.67
23.180.120
27.185.41
34.85.163
39.152.196
41.153.30
43.103.0
47.180.114
52.167.144
59.12.160
61.50.119
61.168.104
66.240.219
78.156.6
81.28.32
83.235.16
89.231.35
91.144.158
92.27.101
92.27.157
106.225.194
115.94.121
116.21.172
116.129.255
117.175.160
125.39.93
130.12.181
175.207.13
178.251.140
179.32.33
181.212.81
183.150.182
183.220.247
187.141.210
188.128.82
195.248.242
200.13.244
202.143.111
203.110.233
210.114.22
211.253.9
211.253.37
211.254.212
217.75.222
218.56.160
223.100.224
13.86.105
20.121.139
120.39.48
183.230.204
1.177.63
13.86.104
20.81.47
20.121.46
40.74.208
40.80.204
40.80.206
52.146.21
52.165.89
52.180.144
52.180.157
52.248.40
58.245.27
110.177.181
112.90.220
117.146.60
128.203.202
139.214.251
183.252.22
220.171.34
27.121.83
203.195.83
46.236.65
58.248.193
112.85.42
110.177.178
110.177.183
104.206.128
222.90.190
173.224.219
192.76.153
203.55.81
8.39.228
67.201.59
72.37.217
129.150.39
198.8.84
198.8.94
38.92.49
66.146.238
156.230.225
209.101.200
213.156.152
216.122.160
5.22.204
23.142.200
23.145.24
23.148.146
23.154.136
23.162.8
23.172.40
23.248.176
23.249.17
27.50.14
31.169.53
31.219.209
36.161.206
38.106.19
38.110.1
38.127.60
41.85.162
41.89.227
45.215.255
46.21.250
50.235.31
58.98.199
58.147.189
59.39.197
59.39.224
64.105.216
64.145.67
69.49.246
74.7.228
77.36.114
78.134.49
84.43.254
85.202.126
89.124.68
94.136.186
108.177.131
110.177.182
111.247.41
117.32.138
120.138.12
124.150.139
141.0.8
147.28.240
148.163.106
149.51.4
154.206.102
158.94.56
161.178.137
162.213.251
172.255.82
173.0.9
174.140.200
175.97.131
178.154.236
178.211.159
178.251.109
186.80.18
188.215.5
190.90.234
193.29.106
194.48.154
194.102.38
195.140.213
198.58.118
202.66.164
202.66.166
202.86.217
202.91.40
203.25.208
203.110.82
206.123.130
209.146.62
209.159.154
209.234.248
210.89.58
212.82.40
213.33.204
213.134.20
216.130.230
216.169.135
216.185.34
216.185.48
217.60.236
220.181.51
222.68.37
222.73.51
3.134.148
5.198.176
13.73.111
14.34.157
15.240.2
23.161.168
23.225.177
27.45.146
34.71.52
34.175.118
35.222.117
41.80.35
41.93.32
41.186.186
41.243.25
45.40.57
46.28.24
47.61.108
50.84.211
58.33.97
58.216.53
61.28.144
61.72.59
61.72.145
61.190.114
62.193.106
68.233.116
69.74.29
70.54.182
74.94.234
79.3.96
79.104.0
81.94.69
81.234.146
84.60.230
84.201.243
85.18.236
89.37.117
93.71.118
96.92.63
101.251.197
101.251.219
102.140.97
104.152.40
104.206.93
104.208.108
106.119.165
110.10.129
111.55.204
111.172.6
113.88.242
113.249.103
114.111.54
114.207.246
115.91.91
118.219.239
119.5.157
120.92.33
120.240.95
121.66.63
121.66.124
125.91.33
146.71.76
149.11.104
150.223.20
151.60.88
156.232.13
156.245.239
157.137.230
158.158.107
161.153.19
164.177.31
176.32.195
177.229.197
180.129.64
181.104.58
181.212.34
182.61.148
183.66.149
183.94.33
183.165.248
183.237.78
185.116.160
185.131.53
186.31.95
186.56.11
186.103.169
186.118.142
187.72.57
187.230.76
190.65.59
193.181.211
195.199.212
196.15.211
196.204.240
197.199.224
197.219.208
197.219.210
197.227.8
198.91.136
198.245.55
200.73.135
200.109.234
200.196.50
201.6.100
202.39.251
202.125.94
203.0.104
203.193.147
203.195.84
205.210.165
207.219.221
207.249.96
209.23.73
210.0.90
210.91.73
211.9.57
211.219.22
211.253.31
212.135.208
213.225.7
218.59.243
218.190.8
219.152.170
220.95.14
220.179.87
221.229.218
221.237.163
222.76.248
222.107.156
222.233.105
223.247.33
223.247.47
223.247.218
18.144.100
20.61.126
89.233.107
194.150.220
223.215.160
40.90.249
112.122.236
218.203.113
20.38.35
20.119.86
20.221.58
27.21.29
40.80.200
61.133.211
101.204.251
110.90.106
111.40.50
112.112.182
124.133.209
142.91.102
153.0.129
202.96.99
52.180.137
109.102.62
190.182.251
157.61.213
120.86.238
61.242.40
171.37.191
110.177.179
1.182.192
112.43.33
223.150.68
192.223.103
183.212.235
93.95.231
31.170.19
67.201.39
67.201.58
72.37.216
72.207.33
72.207.109
72.214.108
74.119.147
98.190.239
185.32.4
212.126.5
121.101.132
23.247.136
66.84.95
72.9.157
161.115.230
173.181.41
174.90.223
206.162.251
209.29.168
1.180.13
3.1.85
3.147.199
5.23.50
23.90.153
23.109.225
23.109.232
23.110.166
23.110.169
23.165.184
23.186.200
23.242.166
38.64.138
38.94.109
38.113.126
38.143.66
39.156.169
41.80.112
41.80.113
45.122.246
45.122.250
62.128.207
62.204.45
63.223.67
64.40.158
64.50.202
64.71.158
64.79.235
66.146.234
66.180.131
66.203.113
67.69.76
67.223.118
68.65.123
68.233.38
69.50.95
69.64.55
71.19.252
74.7.230
74.7.244
76.9.201
80.255.13
81.21.233
81.171.74
84.55.0
84.255.185
85.207.96
88.83.200
89.32.200
89.37.95
89.45.7
91.40.43
92.243.65
93.99.159
93.174.121
94.79.7
94.136.191
96.62.127
100.42.28
103.11.218
105.163.1
107.178.102
110.76.129
110.177.177
112.65.211
112.110.135
112.110.146
117.35.135
118.113.246
118.139.182
119.63.139
130.250.228
141.0.9
143.92.32
148.163.80
148.178.125
150.5.132
150.5.135
159.100.19
161.178.3
162.62.213
162.213.255
163.123.193
171.42.136
171.42.137
173.0.61
173.214.177
173.242.108
179.216.20
183.212.238
188.43.136
190.223.53
192.185.81
192.188.86
193.5.64
193.143.231
193.148.48
194.37.98
194.41.8
194.62.167
194.107.160
194.107.162
195.12.51
195.28.188
195.140.177
195.170.172
198.57.27
198.57.247
198.134.110
199.33.69
200.25.47
200.44.190
202.86.222
202.89.77
202.158.244
202.158.246
203.2.114
203.27.106
203.30.15
203.95.199
203.168.240
203.187.228
206.71.158
207.213.21
209.146.60
212.24.121
212.58.120
213.92.222
213.152.186
213.152.187
213.169.194
213.233.85
216.81.248
216.151.191
216.158.205
217.116.58
217.196.161
1.30.20
1.212.225
1.214.197
1.238.106
2.83.107
3.249.49
4.149.232
4.230.44
13.126.156
14.154.113
20.184.35
23.241.187
23.247.131
27.50.25
27.119.7
27.195.120
34.66.72
34.69.0
34.123.134
34.124.148
34.128.77
34.131.224
36.103.222
36.163.199
36.212.31
36.212.217
36.212.227
37.15.83
38.19.145
38.55.16
41.58.186
41.63.62
41.94.88
42.49.216
42.81.81
42.123.125
43.164.134
43.227.185
43.240.13
45.197.145
45.202.211
45.221.74
45.246.86
46.14.24
46.24.47
46.31.79
49.64.169
49.65.102
49.72.212
49.231.192
50.225.176
52.72.186
52.187.9
58.20.201
58.20.236
58.37.95
58.42.204
58.48.170
58.49.26
58.49.113
58.222.244
59.42.251
59.174.119
60.2.243
60.163.236
60.167.166
60.188.20
61.36.200
61.72.55
61.155.106
61.173.158
61.183.8
62.14.96
62.141.107
62.220.236
62.234.86
64.111.92
66.154.125
67.10.185
69.165.78
71.41.202
71.62.34
78.89.154
79.168.139
80.241.216
81.211.72
81.236.182
83.141.21
83.150.217
83.235.21
85.19.195
87.197.186
89.107.10
89.126.208
89.152.83
89.218.69
92.30.240
93.240.117
95.39.201
95.58.255
95.240.192
96.1.40
98.21.17
101.35.108
101.43.142
105.28.108
106.38.205
106.246.224
108.173.137
109.241.24
110.41.40
110.53.68
110.166.87
111.19.212
111.36.148
111.42.133
111.238.174
112.4.79
112.16.6
112.20.185
112.29.110
112.156.65
112.220.250
113.133.166
113.141.171
113.196.185
113.249.158
114.132.24
114.219.157
115.191.7
116.55.245
116.113.254
116.176.55
116.233.39
116.236.43
117.78.8
117.164.191
117.173.18
117.176.219
117.187.180
118.127.40
118.180.38
118.219.234
119.6.178
119.167.206
119.203.251
120.62.8
120.231.192
121.15.4
121.36.241
121.73.166
121.125.70
121.151.223
121.228.31
122.115.225
122.148.199
123.59.50
123.156.230
124.193.81
124.207.165
124.221.249
124.226.216
124.236.108
125.31.2
125.74.193
125.75.69
125.75.108
125.75.150
125.76.228
125.142.37
132.248.55
132.248.170
134.65.30
135.232.201
136.119.213
136.248.247
139.150.83
139.170.141
140.206.83
141.227.137
143.64.168
148.216.49
150.5.129
150.138.115
150.139.194
150.187.25
151.3.182
151.49.129
153.35.171
153.101.132
155.229.50
155.248.164
156.54.170
156.245.248
159.198.32
159.198.42
164.52.201
164.115.48
164.152.250
166.170.48
172.191.157
172.208.24
174.84.246
175.1.147
175.12.108
175.126.123
175.180.129
175.206.113
177.0.166
177.0.212
177.157.206
179.32.207
179.40.112
179.62.216
180.93.172
180.101.226
180.106.80
180.113.57
180.167.96
180.167.207
180.178.94
181.0.200
182.66.214
182.244.5
183.15.121
183.23.54
183.36.126
183.207.186
185.4.180
185.10.63
185.63.132
186.30.115
186.38.26
186.80.34
187.33.59
187.51.208
187.140.204
187.141.71
187.251.132
189.178.26
189.194.140
190.16.194
190.182.166
192.142.26
195.161.54
196.28.242
196.203.231
197.13.24
197.167.168
197.225.146
198.1.117
198.50.117
200.0.183
200.46.125
200.89.178
200.91.236
201.16.238
201.124.23
201.124.168
202.103.55
203.6.228
203.55.129
203.82.1
203.209.181
203.228.30
203.252.10
206.238.40
207.166.174
208.69.84
209.15.119
209.213.26
210.14.142
210.183.21
211.93.6
211.95.159
211.223.41
211.253.27
216.108.237
217.234.94
218.4.179
218.13.152
218.23.95
218.37.207
218.59.240
218.89.48
218.189.186
219.145.1
219.241.57
220.178.8
220.178.39
221.161.235
221.182.1
221.199.172
221.213.129
221.229.219
221.229.220
222.73.56
222.108.0
222.108.100
222.108.177
222.128.15
222.208.64
222.236.46
222.239.56
223.112.48
223.166.167
223.221.36
223.221.38
80.13.38
196.203.106
8.142.178
111.221.44
205.237.107
211.62.61
20.150.195
52.21.0
52.180.159
123.117.152
154.41.93
172.208.25
220.177.9
8.242.169
13.86.117
20.38.33
20.51.244
20.150.193
52.165.88
52.180.146
57.151.98
87.238.211
120.192.27
120.195.54
175.13.200
180.182.245
202.101.73
211.137.77
211.139.7
218.206.187
222.108.5
20.51.245
43.164.197
93.174.93
111.47.65
172.212.224
87.238.210
116.124.133
192.160.102
82.207.8
220.198.240
117.29.52
27.155.172
124.114.76
182.103.210
61.185.213
61.106.177
195.228.111
212.49.89
27.43.205
80.237.3
72.5.43
87.118.122
89.234.157
93.94.51
93.95.228
162.220.14
194.53.137
204.85.191
212.38.189
11.22.33
62.112.10
83.219.1
93.184.7
98.182.171
174.77.111
183.88.240
184.182.240
185.79.243
199.58.184
199.102.105
199.102.107
199.116.114
202.72.232
202.136.89
20.27.219
72.10.160
121.230.8
210.223.44
52.128.31
66.146.232
72.57.76
72.244.47
77.93.154
82.153.72
89.124.69
104.22.18
148.59.184
148.59.185
154.199.68
173.248.238
192.157.56
193.235.147
206.214.93
208.86.32
208.98.222
212.111.88
212.178.17
86.54.25
1.80.80
1.80.82
23.129.253
23.134.91
23.142.224
31.15.21
35.243.0
38.89.70
38.91.106
38.114.123
38.165.233
38.181.77
40.233.85
42.0.5
43.227.225
45.203.21
46.239.2
58.181.100
58.181.102
62.89.208
62.93.164
62.112.221
64.32.13
64.252.74
66.84.88
66.84.92
66.92.207
66.203.112
73.195.211
74.124.221
74.124.223
74.222.6
79.142.197
80.96.70
80.239.140
81.176.239
83.219.234
84.19.89
86.121.79
87.241.159
88.150.230
89.45.224
91.109.17
91.144.21
92.61.90
93.88.156
96.0.24
98.158.232
103.2.134
103.11.103
103.223.8
103.223.122
104.166.80
105.163.0
106.38.180
106.127.142
107.6.254
108.170.11
108.174.60
109.188.122
109.235.17
111.13.116
112.110.145
112.143.3
117.32.139
117.95.7
118.89.117
118.139.181
124.153.23
125.82.242
132.191.1
135.84.178
140.206.235
145.14.139
148.163.118
149.112.117
154.28.141
154.28.144
154.49.205
156.245.246
158.115.250
160.84.122
162.249.175
162.253.131
167.135.220
172.85.100
173.179.236
174.128.182
177.19.165
178.22.26
181.58.39
181.62.52
182.10.97
182.50.68
185.42.130
185.71.88
185.90.60
185.134.176
185.155.97
186.81.100
186.82.87
186.84.89
187.9.247
188.95.55
190.62.86
190.148.209
192.64.118
193.135.13
193.161.2
193.218.7
194.11.196
194.54.144
194.107.161
194.114.136
194.212.224
194.213.108
195.140.179
195.140.224
195.206.105
196.18.167
197.140.142
198.16.66
198.143.39
199.217.104
200.55.245
202.66.167
202.72.235
202.91.43
202.181.7
203.129.206
203.132.133
204.44.104
206.82.9
206.237.119
207.38.87
208.77.244
208.87.242
208.112.26
209.42.21
209.107.196
209.107.216
211.21.61
212.58.119
212.86.111
212.111.89
212.125.10
216.79.19
216.176.190
217.19.215
217.66.154
217.66.159
217.194.153
220.93.109
221.139.79
222.68.40
222.90.212
223.130.29
1.12.64
1.94.18
1.194.236
1.215.243
1.234.83
1.241.64
3.111.255
4.233.221
5.224.93
8.154.2
12.182.125
12.202.15
13.210.55
14.22.82
20.87.21
20.203.42
24.119.144
24.121.1
27.102.106
31.179.228
34.58.124
34.196.87
36.104.144
36.104.145
36.105.205
36.138.134
36.141.21
36.156.22
37.16.74
38.19.156
38.22.160
38.99.23
38.213.63
39.112.232
39.152.6
39.171.240
40.81.244
40.115.18
40.117.97
41.128.181
41.204.63
42.81.143
42.123.126
42.176.204
43.136.137
43.143.93
43.160.200
43.161.245
45.45.237
45.245.176
45.246.93
46.20.58
47.103.157
50.37.231
50.232.189
52.147.68
52.183.128
58.210.98
58.211.39
58.221.60
58.225.220
59.174.163
60.167.19
60.167.165
60.171.135
60.178.138
60.219.113
61.59.6
61.151.249
61.160.105
62.28.222
62.36.19
62.219.172
64.72.74
64.112.40
67.10.184
